file,"hgnc hits","on wp_all","on wp_hs","new wp_all","new wp_hs","new hits to wp_all","new hits only to wp_hs"
PMC100003__mb2410470011.txt,5,5,2,0,3,,GAQ|ETK|FAK
PMC104410__mb0691964008.txt,4,3,0,1,3,S6K1,PI3K|PKB|4E-BP1
PMC1064894__ar1469-3.txt,11,7,5,4,2,R|MY|TRAK|TRF3,L|B
PMC1083689__kvd01401.txt,1,0,0,1,0,CELL,
PMC1087802__zek0030524280002.txt,1,1,0,0,1,,S
PMC1088314__pp1371205f01.txt,3,1,1,2,0,CN|J,
PMC1091709__zjv0100562260008.txt,0,0,0,0,0,,
PMC1091762__tpc1701387f08.txt,4,4,3,0,1,,S
PMC1112039__zjb0110547680001.txt,0,0,0,0,0,,
PMC1129099__zpq0190582160004.txt,0,0,0,0,0,,
PMC1140591__zmb0120550900007.txt,0,0,0,0,0,,
PMC1142215__ijbsv01p0080g02.txt,6,4,2,2,2,OIF|R,SCAR|ACT
PMC1142443__zmk0060571890005.txt,4,4,1,0,3,,RNR1|L|RNR
PMC1143566__bcr1021-4.txt,6,4,0,2,4,CA|R,PKC|B|L|DAAM1
PMC1143566__bcr1021-5.txt,2,1,1,1,0,CELL,
PMC1143751__zjv0130564460006.txt,2,1,0,1,1,CELL,B
PMC1150820__zpq0210583550005.txt,3,2,1,1,1,E,L
PMC115962__ii0591289005.txt,6,3,0,3,3,CELL|HHH|GAMMA,H|P|OF
PMC1172275__zpq0270587990006.txt,12,11,6,1,5,JNK,IKK|IK|B|S|C-JUN
PMC1174965__ar1741-4.txt,8,7,1,1,6,JNK,TH1|TAK1|P38|ERK|OF|INOS
PMC117989__pp0916802012.txt,3,0,0,3,0,E|J|PAL,
PMC118015__ek0320088006.txt,2,1,1,1,0,J,
PMC1180390__AJHGv73p1240fg5.txt,0,0,0,0,0,,
PMC1183194__1471-2407-5-74-4.txt,0,0,0,0,0,,
PMC1183194__1471-2407-5-74-5.txt,2,1,0,1,1,E,S
PMC1183194__1471-2407-5-74-6.txt,4,2,1,2,1,EL|E,Y
PMC1196350__zmk0090573040009.txt,7,4,0,3,4,E|LIGHT|CA,RAS-GRF2|RAF-1|ERK|OF
PMC1201250__zii0080550480007.txt,17,11,4,6,7,OR|R|J|SOC|JNK|NF-KB,IN|OF|L|LPS|TRAF6|NIK|IKK
PMC1201572__zpq0340592800005.txt,2,1,1,1,0,NG,
PMC120796__mr0320019001.txt,4,2,2,2,0,PACE|PAL,
PMC120796__mr0320019004.txt,0,0,0,0,0,,
PMC1208922__1477-3163-4-16-1.txt,5,2,1,3,1,LI|J|II,ER
PMC1237076__zmk0100573350007.txt,0,0,0,0,0,,
PMC124530__pq0920169005.txt,2,2,1,0,1,,IN
PMC1251585__zjb0190551050006.txt,1,1,0,0,1,,S
PMC1253564__zpq0410597730008.txt,4,3,0,1,3,CELL,RN|P38|S1
PMC125566__cde434f7.txt,3,3,0,0,3,,L|B|Y
PMC1257398__2435fig9.txt,3,2,0,1,2,R,L|LN
PMC126171__cdf433f5.txt,10,6,1,4,5,DAN|R|J|E,B|P21|L|P16|RB
PMC127927__ii0521395006.txt,8,4,3,4,1,E|R|J|U,TLN
PMC1287678__zam0110560540009.txt,11,10,4,1,6,NF-KB,TRAF6|Y|MUC|IKK|P65|P50
PMC1289420__zmk0120574260007.txt,2,2,0,0,2,,H|PI
PMC1291380__1478-811X-3-12-5.txt,4,3,2,1,1,WNT-4,SA
PMC1303061__biophysj19414f09.txt,4,3,0,1,3,R,B|L|HL
PMC1304358__biophysj00029884F01_4C.txt,5,2,0,3,2,J|SFA|E,Y|L
PMC1304358__biophysj00029884F03_4C.txt,6,4,1,2,3,LNP|UL,NET|B|P
PMC1304358__biophysj00029884F06_LW.txt,0,0,0,0,0,,
PMC1305894__i1536-7509-4-4-323-f04.txt,3,2,0,1,2,R,P|B
PMC130620__pq2023557005.txt,4,3,1,1,2,J,P|L
PMC1317640__zmb0010656280009.txt,1,1,0,0,1,,L
PMC133668__mb0720973009.txt,7,7,3,0,4,,LPA|PI3K|PKB|PKC
PMC133918__mb1321825003.txt,23,11,2,12,9,ECI|FA|CN|II|SN|L2|T2|U|OR|CRIPTO|LP|J,B|ST2|FAST1|S|L|VL|CI|CT|H
PMC1345641__zmk0010674710011.txt,0,0,0,0,0,,
PMC1347046__zmb0030656850009.txt,1,1,0,0,1,,Z
PMC1347434__gkj071f2.txt,7,4,1,3,3,E|R|LMO,IN|DAO|BK
PMC1350949__nihms5852f7.txt,5,5,3,0,2,,P53|BAK
PMC1351030__nihms2404f8.txt,3,1,1,2,0,J|D1,
PMC135552__00-0458f9.txt,4,3,1,1,2,E,OF|GA
PMC1356091__pcbi.0020003.g003.txt,3,3,1,0,2,,P|OT
PMC1356334__7600893f7.txt,4,3,1,1,2,E,B|TRKA
PMC1356384__19FF8.txt,3,3,2,0,1,,AIF
PMC135641__mb1820558010.txt,9,6,1,3,5,JNK|HIC|E,B|IN|OF|S|FRE
PMC135652__mb2120116008.txt,2,0,0,2,0,CELL|FATE,
PMC1356553__tpc1800477f10.txt,0,0,0,0,0,,
PMC1356578__zmk0020674940010.txt,6,4,2,2,2,CAC1|ACA1,X|PKR1
PMC1360222__nihms7040f9.txt,2,2,1,0,1,,OF
PMC136456__jv1820687007.txt,5,2,1,3,1,E|XS|CELL,S
PMC1367180__zmb0040657430002.txt,11,9,2,2,7,JNK|U,B|MKK4|TAK1|MEKK4|P|C-JUN|CI
PMC137067__1475-4924-1-7-1.txt,1,1,0,0,1,,B
PMC137069__1475-4924-1-9-1.txt,10,8,2,2,6,J|IV,HIP1|GAS1|FU|L|DYRK1|B
PMC1375233__nek010f5.txt,8,7,4,1,3,R,IKK|IK|B
PMC137942__bcr543-1.txt,9,6,2,3,4,R|ST|TDL,PR|STAT5|B|S
PMC1383554__7600973f10.txt,7,5,0,2,5,R|TUBE,VEGF|VEGFR|MKK6|P38|HSP27
PMC1386115__JCI0627883.f3.txt,11,8,2,3,6,J|TNFR|MCP-3,AN|ER|B|INOS|SE|CO
PMC1386711__1471-2105-7-41-4.txt,3,3,1,0,2,,PA|L
PMC139432__bcr42-1.txt,0,0,0,0,0,,
PMC139542__01-0008f10.txt,3,2,0,1,2,R,FR|OF
PMC139760__99-0353f8.txt,4,1,0,3,1,LIGHT|NPH3|R,PH
PMC140053__cdg009f9.txt,5,4,0,1,4,NF-KB,PKC|PKD|P|IKK
PMC1405901__zek0020626100006.txt,5,4,1,1,3,J,GA|Y|L
PMC1409799__1471-2105-7-55-4.txt,0,0,0,0,0,,
PMC1409881__15FF1.txt,4,3,1,1,2,ECM,S|MEK
PMC1413561__1471-2105-7-99-3.txt,0,0,0,0,0,,
PMC1413672__zpq0050610600006.txt,6,5,4,1,1,CELL,L
PMC1413813__zpq0060611520008.txt,3,2,2,1,0,RD,
PMC1415320__zmk0040676050006.txt,8,5,1,3,4,J|R|NS,ERK|AP-1|SNAIL|OF
PMC1415321__zmk0040675900012.txt,6,1,1,5,0,II|ECM|LTG|TTG|E,
PMC1420312__1471-2407-6-54-5.txt,0,0,0,0,0,,
PMC1431720__gb-2006-7-2-r11-7.txt,0,0,0,0,0,,
PMC1431720__gb-2006-7-2-r11-8.txt,0,0,0,0,0,,
PMC1435660__69f3c.txt,3,1,0,2,1,CELL|ECM,ALK1
PMC1435660__73f5c.txt,11,11,2,0,9,,IN|ALK1|DYS|REG|HHT1|HHT2|SE|HHT|Y
PMC1435660__75f8c.txt,6,5,1,1,4,TUBE,ALK-5|IN|OF|HHT
PMC1440308__1742-4682-3-13-4.txt,0,0,0,0,0,,
PMC1440308__1742-4682-3-13-5.txt,0,0,0,0,0,,
PMC1440308__1742-4682-3-13-6.txt,0,0,0,0,0,,
PMC1440308__1742-4682-3-13-7.txt,0,0,0,0,0,,
PMC1449610__8695f7.txt,8,6,0,2,6,ADA2|KCS1,P1|ADA3|SNF2|SW|ALT1|VPS24
PMC1449898__pgen.0020057.g005.txt,8,5,2,3,3,CA2|E|R,PKC|DAG|PA
PMC1451179__6772f6.txt,8,6,4,2,2,MA|IA,B|MAR
PMC1456092__GEN17141643f6.txt,6,5,1,1,4,PCP,ARM|B|ARMADILLO|ET
PMC1456095__GEN17141683f6.txt,2,2,1,0,1,,H
PMC1456930__7601062f5.txt,10,9,2,1,7,R,IGFI|ROS|MEK|P44|ERK|NSMASE|AP
PMC1461420__GEN1731177f4.txt,1,1,0,0,1,,L
PMC1462967__7601115f7.txt,8,6,2,2,4,DAMAGE|CELL,Y|RS|P53|OF
PMC1469776__JCI0624652.f1.txt,8,5,1,3,4,CELL|R|16,P|B|EI|CO
PMC1472009__zjv0090676890006.txt,5,4,2,1,2,R,TR|DD
PMC1479092__nihms-10426-0011.txt,8,5,1,3,4,HS|SAPK|JNK,TRX|TS|ROS|OF
PMC1479345__1476-511X-5-10-3.txt,6,5,3,1,2,MA,L|P38
PMC1479345__1476-511X-5-10-4.txt,12,10,6,2,4,TPSAB1|GNAT,CO|ELN|FU|FI
PMC1479345__1476-511X-5-10-5.txt,7,7,1,0,6,,FU|CO|TYRP|TUBA1|TUBB2|APS
PMC1479345__1476-511X-5-10-6.txt,11,9,7,2,2,FGFR3P|BARX1,FU|CO
PMC1479345__1476-511X-5-10-7.txt,10,8,3,2,5,BOP1|TCEA2,FU|CO|PCAF|TCF2|FI
PMC1481596__1748-7188-1-7-4.txt,0,0,0,0,0,,
PMC1482501__zpq0200621890001.txt,2,1,0,1,1,DAMAGE,RECA
PMC1482501__zpq0200621890004.txt,3,2,1,1,1,J,PA
PMC1482580__zpq0240625140004.txt,11,9,5,2,4,EDARADD|SOSTDC1,EDA-A1|L|P65|P50
PMC149052__00-0018f10.txt,1,0,0,1,0,ABI3,
PMC149053__00-0019f7.txt,3,2,0,1,2,CTRL,B|OF
PMC149075__00-0173f9.txt,3,0,0,3,0,HR|PR1|CELL,
PMC149122__00-0152f7.txt,9,5,0,4,5,LIGHT|FB1|PAL|AG,SA|ET|X|NPR|PCD
PMC14940__mk0801266010.txt,1,0,0,1,0,CELL,
PMC1501083__nihms10559f5.txt,6,4,1,2,3,J|U,L|CD|Z
PMC1502028__neo0710_0921_fig004.txt,0,0,0,0,0,,
PMC1502453__zpq0250625570005.txt,20,15,4,5,11,HMP|LA|GFR|PCP|SUN,YT|L4|L|Y|INT|SI|P6|S|P|DF|AN
PMC1502564__zpq0250625810003.txt,12,6,2,6,4,E47|HEB|E|SPL|LI|E2A,PN|PL|OT|H
PMC1503662__neo0406_0486_fig007.txt,10,9,3,1,6,JNK,MB|CD95|FLICE|MACH|CPP32|YAMA
PMC150771__003376f8.txt,3,3,1,0,2,,X|GA
PMC150971__JCI0215644.f1.txt,0,0,0,0,0,,
PMC151022__JCI0215970.f1.txt,2,1,1,1,0,II,
PMC151067__cdg131f6.txt,3,2,1,1,1,R,GST2
PMC151252__00-1768f3.txt,9,5,1,4,4,OR|R|NPA|EAF1,SA|LU|L|COI
PMC151254__00-0596f1.txt,23,14,3,9,11,J|NA|COP|PF|FINGER|GO|R|OR|CEN,Y|OF|GPCR|RLK|CO|P|ROS|IN|ON|AP2|S
PMC151254__00-0596f6.txt,11,7,4,4,3,II|CA|DAMAGE|PST1,HO|S1|S2
PMC151255__01-0455f5.txt,4,3,1,1,2,ABI3,ABI2|L
PMC151358__pq0438011005.txt,14,12,5,2,7,JNK|BIM,S|DLC1|B|L|BAK|SMAC|AIF
PMC151536__mb0230960007.txt,0,0,0,0,0,,
PMC151704__mb0531267009.txt,3,1,0,2,1,NTS|J,TOR
PMC151875__JCI0317745.f1.txt,3,2,1,1,1,DC,DAP12
PMC151924__JCI0316491.f7.txt,7,6,0,1,6,CA,OF|AC|SE|AN|CAR|OT
PMC1522081__1933fig7.txt,2,2,0,0,2,,B|X
PMC152615__jb0831245007.txt,2,2,1,0,1,,X
PMC1531665__neo0605_0603_fig004.txt,6,5,2,1,3,CELL,P38|L|EMT
PMC1531692__neo0403_0191_fig001.txt,0,0,0,0,0,,
PMC153558__pq0931010001.txt,3,2,2,1,0,R,
PMC153558__pq0931010003.txt,9,8,3,1,5,E,ALK3|BMPR-II|SMAD1|BMP2B|L
PMC153719__010413f9.txt,2,2,0,0,2,,TYPE|IN
PMC154144__bcr566-2.txt,4,2,0,2,2,HYPE|LAS,AS|ND
PMC155330__44493-2f7_L1TT.txt,18,12,6,6,6,MLK|LZK|TAK|TPL-2|JNK|CELL,MK|MEKK|ASK|HEP|MKK4|MKK7
PMC1553448__1471-2164-7-92-7.txt,2,2,1,0,1,,IN
PMC155783__ii0631887007.txt,10,7,2,3,5,FOR|OR|MLK,L|MEKK|MKK4|BCL-2|BCL-XL
PMC1567929__zpq0310630370007.txt,5,4,3,1,1,CA2,WAVE
PMC1570443__7601317f10.txt,5,2,1,3,1,VGLUT1|NG|R,TYPE
PMC1574111__140-0705522f3.txt,2,2,0,0,2,,IN|NOT
PMC1578677__2539fig7.txt,0,0,0,0,0,,
PMC1592599__MI2006-12682.001.txt,5,5,3,0,2,,L|RIP
PMC1592845__zmb0170661960008.txt,3,2,0,1,2,COP,ROS|B
PMC1592896__zmb0190662410007.txt,2,1,0,1,1,JNK,X
PMC1594900__zii0100661800003.txt,7,7,1,0,6,,DAG|PKC|MEK|ERK|AC|PI3K
PMC1599906__zpq0360634000003.txt,6,2,1,4,1,E3|II|J|E,TYPE
PMC1599931__zpq0340632620001.txt,9,8,4,1,4,R,L|P|Y|EIF4F
PMC1601945__neo0808_0689_fig001.txt,5,5,4,0,1,,OF
PMC1601946__neo0808_0677_fig001.txt,3,3,3,0,0,,
PMC1603434__zjh0070565490006.txt,4,4,3,0,1,,FRAT
PMC1603783__zjh0110566490005.txt,8,5,1,3,4,R|ERK1|TRAN,ALR|FAK|P|L
PMC1609106__1471-213X-6-45-8.txt,2,0,0,2,0,E|EL,
PMC1609183__1471-2407-6-236-7.txt,0,0,0,0,0,,
PMC1618798__nihms-12625-0002.txt,2,2,1,0,1,,B
PMC1618798__nihms-12625-0003.txt,7,4,3,3,1,DR4|MA|E,B
PMC1636849__zmb0200662740008.txt,2,1,0,1,1,FATE,L
PMC1636853__zmb0200662920010.txt,3,3,1,0,2,,SI|P
PMC16561__pq1201750006.txt,9,7,3,2,4,U|JNK,L|P|Y|EA2
PMC166246__pq1332636005.txt,3,2,0,1,2,NG,LU|CI
PMC167103__pp0737980004.txt,2,2,0,0,2,,B|VPF
PMC1679705__JCI0627702.f9.txt,2,1,1,1,0,TRPC,
PMC1681468__msb4100014-f2.txt,2,1,1,1,0,J,
PMC1681468__msb4100014-f5.txt,0,0,0,0,0,,
PMC1682017__msb4100094-f4.txt,0,0,0,0,0,,
PMC1682017__msb4100094-f5.txt,0,0,0,0,0,,
PMC1693893__gkl834f7.txt,8,6,1,2,5,J|CELL,COB|P21|B|RAR|S
PMC1693942__tpc1803047f05.txt,0,0,0,0,0,,
PMC1698511__zmr0040621400003.txt,9,6,1,3,5,NA|R|FRA,LPS|L|PKR|TRAF6|B
PMC1705971__nihms-14550-0007.txt,3,2,0,1,2,II,B|TOR
PMC171388__JCI0317788.f7.txt,5,3,0,2,3,ACTIVIN|CRIPTO,OF|ACT|B
PMC1728094__00840.f1.txt,5,2,1,3,1,CELL|GP|IL-6,L
PMC1764827__neo0811_0964_fig010.txt,0,0,0,0,0,,
PMC1766317__zpq0440639740005.txt,0,0,0,0,0,,
PMC1766433__zpq0510645340008.txt,0,0,0,0,0,,
PMC1769435__pbio.0050010.g001.txt,4,3,0,1,3,DAMAGE,L|PH|BCL-XL
PMC1775040__1471-2202-7-S1-S10-2.txt,7,5,0,2,5,TP|E,Y|L|S|AC|ON
PMC1779520__gb-2006-7-5-r42-3.txt,0,0,0,0,0,,
PMC1781473__ppat.0030003.g003.txt,4,1,1,3,0,E|KCS|JNK,
PMC1783401__zpq0510645370006.txt,7,6,4,1,2,PRH,L|SMAD1
PMC178345__ek0430035005.txt,3,2,1,1,1,J,P
PMC1783462__7601504f8.txt,4,4,2,0,2,,CD95|FLASH
PMC1783693__RevDiabeticStud-01-165-003.txt,6,3,2,3,1,JNK|E|U,L
PMC1803010__ppat.0030021.g003.txt,2,2,1,0,1,,MID2
PMC1804097__nihms14446f7.txt,3,2,1,1,1,CELL,L
PMC1815248__zpq0070752640005.txt,4,2,2,2,0,JNK|RECK,
PMC1821078__nihms16116f6.txt,6,6,3,0,3,,IN|APE|L
PMC1828067__1476-4598-6-18-7.txt,4,3,2,1,1,R,L
PMC1828071__nihms16392f12.txt,6,4,0,2,4,J|CELL,C-RAF|MEK1|ERK|IN
PMC1828071__nihms16392f1a.txt,24,21,5,3,16,J|R|FOR,C-RAF|L|MEK1|TR|LKB1|ON|AMPK|B|ERK|HNF1|Y|FKHRL1|FKHR|BP1|TRA|ND
PMC1828071__nihms16392f2.txt,14,11,4,3,7,R|J|FOR,L|PI|AMPK|FKHRL1|FKHR|BP1|S
PMC1829256__zpq0100756500001.txt,0,0,0,0,0,,
PMC1838573__nihms-12454-0001.txt,10,7,2,3,5,J|IL-2|16,ER|FASL|PUMA|NOXA|CD95
PMC1838942__JCI0730453.f1.txt,18,13,5,5,8,J|TRAN|LEUS|IL-6|U,RB|PI3K|AK|L|NU|B|P|OF
PMC1838971__zmk0040780130010.txt,0,0,0,0,0,,
PMC1839891__1752-0509-1-13-1.txt,11,8,2,3,6,LOR|CF|GO,TR|L|HGL|PFM|S|Y
PMC1839894__1752-0509-1-4-4.txt,0,0,0,0,0,,
PMC1839983__nihms16683f4.txt,0,0,0,0,0,,
PMC1847322__nihms17490f5.txt,0,0,0,0,0,,
PMC1847715__984fig8.txt,1,1,0,0,1,,IN
PMC1850774__jh1123398005.txt,24,21,11,3,10,ECM|R|JNK,FY|PKC|L|PKB|FAK|Y|MEK|IKK|FKHR|ERK
PMC1851054__zpq0090755020006.txt,2,0,0,2,0,E|J,
PMC1851854__zjh0020771290007.txt,3,2,0,1,2,J,L|LPS
PMC1851929__nihms18962f8.txt,4,3,1,1,2,J,L|Y
PMC185249__1465-9921-4-5-3.txt,0,0,0,0,0,,
PMC1853162__biophysj00090084F02_RGB.txt,8,5,0,3,5,IA|GIL|MT,X|B|RN|S|Y
PMC1853162__biophysj00090084F03_RGB.txt,11,7,1,4,6,R|SR|YO|U,X|Y|B|S|L|FY
PMC1853162__biophysj00090084F04_RGB.txt,1,0,0,1,0,II,
PMC1855985__pone.0000426.g001.txt,24,17,6,7,11,R|REA|NG|DOM|U|B2|MA,ND|L|IN|S|HER2|P|CRN|RP|MAI|P38|MAPK15
PMC1857715__ppat.0030060.g008.txt,6,2,1,4,1,E|OP|ACF|CAL,LPS
PMC1862519__nihms18021f1.txt,0,0,0,0,0,,
PMC186276__46891-2f3_L1TT.txt,10,8,3,2,5,CELL|FATE,ON|P4|P|P6|OT
PMC1862818__nihms20335f2.txt,3,1,0,2,1,JNK3|CELL,P
PMC186427__51627-13f7_C4TT.txt,3,3,1,0,2,,CBP|P300
PMC1867372__tpc1900805f07.txt,6,4,1,2,3,TFF|E,ACS2|ET|RF1
PMC1868540__nihms20764f1.txt,2,1,1,1,0,S9,
PMC187495__55671-10f4_L1TT.txt,2,1,0,1,1,NE,DAF
PMC1876485__pcbi.0030092.g003.txt,5,4,1,1,3,HYP,SI|L|MI
PMC1876599__nrs05004.f3.txt,7,6,2,1,4,P11,ER|GR|PR|AC
PMC1877048__22FF1.txt,4,4,2,0,2,,LPS|MD-2
PMC1877091__zmk0060780720015.txt,8,3,2,5,1,CCM2|CCM3|CELL|GEN|OR,P38
PMC18851__pq2204103006.txt,3,2,1,1,1,NS,P35
PMC1885811__1471-2105-8-168-4.txt,0,0,0,0,0,,
PMC1892100__1471-2105-8-S3-S3-1.txt,0,0,0,0,0,,
PMC1895829__zh80130697530005.txt,4,3,2,1,1,INE,GPCR
PMC1896004__gb-2007-8-4-r59-4.txt,0,0,0,0,0,,
PMC1913781__pp1440324f07.txt,6,2,1,4,1,NSP2|DM|NSP1|HCL,L
PMC1914214__nihms22441f7.txt,4,3,1,1,2,V2,SMN|B
PMC1924805__zmk0070781270008.txt,3,3,1,0,2,,X|ROS
PMC1934587__JCI0731807.f11.txt,3,2,0,1,2,R,EPOR|ROS
PMC1939900__zh80140704970006.txt,0,0,0,0,0,,
PMC1949361__zmk0080781650007.txt,2,2,1,0,1,,LFA-1
PMC1950120__nihms26639f7.txt,2,2,1,0,1,,IN
PMC1951132__zek0080729420001.txt,14,6,2,8,4,TEM|CTU|AII|MT|R|E|ATL|ANT,P|AO|AN|AF
PMC1951760__zmk0090781940008.txt,0,0,0,0,0,,
PMC195990__59046-10f5_C4TT.txt,2,2,1,0,1,,HIP
PMC196055__64236-02f7_L1OT.txt,11,7,1,4,6,GEF|J|PINS|GPR,OF|GPCR|GAP|Y|GA|L
PMC196255__67858-09f7a_L1TT.txt,2,1,1,1,0,CELL,
PMC1964795__nihms26012f5.txt,25,19,8,6,11,R|MLK3|JNK|YAP|E|J,ASK1|P53|P73|B|L|BCL-2|X|H|MR|4E-BP1|CASPR
PMC197303__015529f1.txt,8,7,1,1,6,CELL,S|SSI2|NPR1|PR|PSM|B
PMC1978528__pone.0000936.g001.txt,4,3,2,1,1,R,L
PMC198534__JCI0319974.f1.txt,2,2,2,0,0,,
PMC1986755__nihms25854f7.txt,2,2,0,0,2,,L|ZIP
PMC1986796__nihms27267f8.txt,4,3,0,1,3,SHD,PKG|ERK|OF
PMC199181__JCI0111918.f3.txt,0,0,0,0,0,,
PMC1994700__pgen.0030154.g003.txt,7,5,1,2,4,II|E,A4|H|L|IN
PMC1995089__nihms-28375-f0008.txt,1,1,1,0,0,,
PMC1995599__nihms25729f2.txt,5,5,4,0,1,,L
PMC1998874__335_2007_9040_Fig4_HTML.txt,1,1,0,0,1,,B
PMC1998879__335_2007_9034_Fig2_HTML.txt,0,0,0,0,0,,
PMC2000831__nihms28507f3.txt,4,4,2,0,2,,B|CO
PMC2002608__tpc1902484f12.txt,2,2,2,0,0,,
PMC2002614__tpc1902454f09.txt,8,3,1,5,2,NAE|ABI3|R|E|CRA,FAAH|ABI2
PMC20092__pq0673858005.txt,1,1,0,0,1,,C3G
PMC201163__ac1030622001.txt,8,6,3,2,3,PROT|CELL,L|PL|ON
PMC2040891__zpq0270768390005.txt,8,7,2,1,5,OR,BAK|PUMA|P21|RB|X
PMC2042176__zpq0410779130004.txt,2,1,1,1,0,E,
PMC2043018__pbio.0050248.g004.txt,27,22,9,5,13,BCR|LI|NCR|CA|R,B|PDCR|P4|REC|L|ZAP70|X|BCAP|SLP76|PI3K|PKC|P|CARMA
PMC2043540__zmk0110782710007.txt,0,0,0,0,0,,
PMC2043575__zmk0110782920008.txt,2,1,0,1,1,E,S
PMC20445__pq0980676006.txt,0,0,0,0,0,,
PMC2045624__JCI0733976.f1.txt,5,3,2,2,1,II|OX40,L
PMC2048693__tpc1902940f08.txt,5,4,1,1,3,R,B|IF|P
PMC2048736__pp1450450f09.txt,7,6,0,1,6,J,P|LD|OF|S|B|SA
PMC2063843__jcb1730431f08.txt,2,2,1,0,1,,P120
PMC2064281__jcb1770809f06.txt,11,7,1,4,6,PLA2|CA2|R|U,L|CAR1|CO2|PI3K|OCT|SI
PMC2064427__jcb1780107f10.txt,5,2,1,3,1,CRB|E|CA,MPRI
PMC2064840__jcb1780437f09.txt,5,4,4,1,0,RC,
PMC2072925__11302_2007_9074_Fig1_HTML.txt,9,5,0,4,5,J|E|ADP|TC,P2Y|P|P1|L|ON
PMC2075101__nihms-30394-f0001.txt,6,5,0,1,5,LRP3,5-HT2A|L|IP|CI|P2
PMC207628__mb2130730009.txt,9,5,0,4,5,E|J|R|SHP2,Y|P|L|RN|PTP
PMC2077852__nihms32806f3.txt,5,3,1,2,2,OR|DAMAGE,ERK|C-JUN
PMC2080907__jcb1790717f08.txt,23,15,7,8,8,VPREB|OR|BCR|II|R|LI|CA|E,B|MEK|ERK|NFAT|API|PMCA4|P|L
PMC209287__JCI0112853.f1.txt,6,4,1,2,3,J|CELL,TWIST|TYPE|P
PMC2093951__nihms31050f9.txt,1,1,1,0,0,,
PMC2096423__JCI0732301.f10.txt,6,4,1,2,3,OUT|BLAST,OF|L|Y
PMC2096568__11302_2004_Article_4748_Fig4.txt,7,4,1,3,3,ADP|P2Y12|GEF,P2Y1|GAP|Y
PMC2097959__nihms33845f2.txt,17,15,7,2,8,CELL|GFR,DAG|PKC|PI3K|MEK|ERK|COX2|INOS|P
PMC2099483__1471-2105-8-S7-S15-1.txt,10,7,4,3,3,CELL|SHP2|U,CPT1|P|PGC1
PMC2099484__1471-2105-8-S7-S16-11.txt,3,3,1,0,2,,B|L
PMC2099484__1471-2105-8-S7-S16-9.txt,1,0,0,1,0,R,
PMC2100073__1471-2105-8-335-4.txt,0,0,0,0,0,,
PMC2100073__1471-2105-8-335-5.txt,5,3,1,2,2,E|U,H|MI
PMC2100073__1471-2105-8-335-6.txt,1,1,1,0,0,,
PMC2118122__jem2032409f01.txt,5,4,1,1,3,CELL,VEGF|B|CO
PMC2118421__jem2040093f07.txt,0,0,0,0,0,,
PMC2128780__nihms33729f9.txt,2,1,1,1,0,FATE,
PMC2133067__JCB9807101.f8.txt,7,5,1,2,4,SHE|CELL,FAK|MEK1|MEK|ERK
PMC2133182__JCB9811074.f10.txt,5,4,1,1,3,OR,MEK1|MKK6|OF
PMC2134904__neo0912_1078_fig007.txt,1,1,0,0,1,,FU
PMC2136409__nihms34093f7.txt,5,4,3,1,1,E,PL
PMC2137898__jem2040467f04.txt,0,0,0,0,0,,
PMC2147684__nihms-35362-f0004.txt,5,3,1,2,2,J|II,ON|L
PMC2151853__cc5704-10.txt,2,1,0,1,1,JNK,ERT
PMC2151969__10616_2007_9092_Fig4_HTML.txt,5,1,0,4,1,UI|U|E|RED,L
PMC2151969__10616_2007_9092_Fig5_HTML.txt,16,10,1,6,9,U|J|E|II|RED|R,EI|TOR|P|S|CI|HL|L|Z|UP
PMC2156132__JCB9812039.f6.txt,4,4,2,0,2,,FR|IGF-II
PMC2168910__zmb0200770550010.txt,6,3,1,3,2,HE|RP2|CELL,B|L
PMC2169177__zmb0230771550010.txt,12,10,6,2,4,CA2|II,MEK|ZAP70|ERK|PKC
PMC2169297__nihms33167f1.txt,3,3,1,0,2,,L|ERK
PMC2171390__200501111f7.txt,6,5,5,1,0,CA,
PMC2172008__200403110f5.txt,5,3,1,2,2,RH|PCP,X|Y
PMC2172300__200406151f1.txt,4,4,1,0,3,,B|P|X
PMC2172302__200401034f6.txt,9,6,2,3,4,E|CA2|CELL,ACH|GPCR|PKG|AA
PMC2172815__200304105f7.txt,14,10,2,4,8,R|OR|CELL|E,IN|VEGF|REC|RTS|ER|OF|MEK|ON
PMC2172896__200210149f10.txt,3,1,1,2,0,SDF-1A|P160,
PMC2173691__200308162f7.txt,5,3,1,2,2,J|EL,L|SLUG
PMC2174018__200204089f1.txt,7,6,1,1,5,CDC42P,P|PI|P2|ARP2|OF
PMC2174628__msb4100195-f3.txt,0,0,0,0,0,,
PMC2174844__JCB9910150.f8.txt,0,0,0,0,0,,
PMC2176131__AJRCMB38195f7.txt,1,1,1,0,0,,
PMC2192628__nihms35772f3.txt,0,0,0,0,0,,
PMC2195651__JEM991494.f2.txt,6,4,1,2,3,CTL|CELL,FASL|L|B
PMC2195865__JEM001425.f2.txt,4,2,0,2,2,CELL|II,TYPE|CD95
PMC2213034__20042085f8.txt,4,1,0,3,1,ECM|CD63|J,L
PMC2213494__JEM001349.f8.txt,8,6,0,2,6,CELL|GNA,HSC|KITL|C-KIT|S|BCL-2|FI
PMC2213558__nihms37241f5.txt,1,1,0,0,1,,LAG-2
PMC2214701__JCI0833612.f2.txt,4,4,1,0,3,,OF|S|P
PMC2214701__JCI0833612.f3.txt,3,2,1,1,1,E,L
PMC2214806__pbio.0060008.g007.txt,3,0,0,3,0,NF-KB|JNK|APO,
PMC2217644__tpc1903944f10.txt,6,3,1,3,2,J|RED|LIGHT,X|Y
PMC2233603__nihms37849f7.txt,1,1,1,0,0,,
PMC2234575__nihms-38868-f0002.txt,6,5,2,1,3,CELL,OF|IN|SIL
PMC2237899__pone.0001639.g011.txt,1,1,1,0,0,,
PMC2238958__gkm659f2.txt,8,7,1,1,6,LA,P|B|L|OF|LT|Y
PMC2242658__bcr1769-8.txt,1,1,1,0,0,,
PMC2245850__pp1460576f07.txt,3,2,0,1,2,CHS,FAD|GPX7
PMC2245955__1471-2202-8-100-5.txt,2,2,1,0,1,,L1CAM
PMC2246086__nihms37246f1.txt,1,1,1,0,0,,
PMC2246119__1471-2121-9-4-7.txt,3,1,0,2,1,CELL|OR,B
PMC2247407__nihms39909f2.txt,0,0,0,0,0,,
PMC2249701__pone.0001710.g007.txt,5,4,1,1,3,CELL,ERK|P16|L
PMC2258797__zmb0050873260007.txt,0,0,0,0,0,,
PMC2258989__zjv0060803350006.txt,10,6,3,4,3,R|P13|J|OR,L|KIN|PKC
PMC2259313__1742-4682-4-50-1.txt,0,0,0,0,0,,
PMC2259449__neo1003_0198_fig002.txt,8,3,0,5,3,RU|LH|R|II|HP,CAS|H|P
PMC2259457__neo1003_0287_fig006.txt,4,3,0,1,3,CELL,L|Y|PLI
PMC2259464__gr3.txt,1,1,0,0,1,,PTC
PMC2261378__nihms-39292-f0009.txt,2,1,0,1,1,CELL,ER
PMC2262896__1471-2164-9-71-4.txt,0,0,0,0,0,,
PMC2262896__1471-2164-9-71-6.txt,0,0,0,0,0,,
PMC2266794__pone.0001803.g004.txt,6,4,0,2,4,U|UI,MAI|Y|PA|L
PMC2269037__11568_2008_9018_Fig3_HTML.txt,1,1,0,0,1,,L
PMC2270317__pbio.0060061.g011.txt,12,8,0,4,8,MENT|YO|CEN|CTNS,P1|P|OF|B|CED-6|PI|IN|Y
PMC2270408__RevDiabeticStud-04-209-007.txt,7,5,4,2,1,JNK|CELL,PDX-1
PMC2270852__1471-2407-8-43-5.txt,6,6,4,0,2,,REC|L
PMC2275876__12079_2007_11_Fig8_HTML.txt,5,3,1,2,2,II|J,X|SREBP
PMC2276699__nihms39855f7.txt,2,1,0,1,1,R,L
PMC2277371__nihms-35656-f0006.txt,3,1,0,2,1,LI|U,P
PMC2277504__nihms-37907-f0008.txt,3,2,1,1,1,CA2,CAM
PMC2278039__nihms43806f2.txt,1,0,0,1,0,CELL,
PMC2288618__nihms43701f7.txt,7,5,1,2,4,NF-KB|JNK,MOP|RICK|TAK1|P38
PMC2290851__jcb1801277f09.txt,7,5,0,2,5,MLK3|CELL,PYK2|P130CAS|RAP1|JNK1|OF
PMC2291030__1752-0509-2-19-3.txt,1,1,0,0,1,,TAT
PMC2292640__nihms44316f1.txt,0,0,0,0,0,,
PMC230332__mb2031580007.txt,6,6,2,0,4,,P|L|ACTR|X
PMC2322867__nihms45365f2.txt,3,3,1,0,2,,L|P
PMC2323627__pcbi.0040030.g004.txt,0,0,0,0,0,,
PMC2324067__nihms40586f1.txt,4,3,3,1,0,CELL,
PMC2330318__pp1470188f07.txt,7,5,3,2,2,PIP|PE,PA|Y
PMC2335355__zbc0180833530008.txt,0,0,0,0,0,,
PMC23386__pq1972355005.txt,2,2,0,0,2,,X|STM
PMC2354921__nihms-43279-f0005.txt,2,2,1,0,1,,LN
PMC2366852__zmk0050885120007.txt,0,0,0,0,0,,
PMC2366876__zmk0050885110007.txt,3,2,0,1,2,R,PH|L
PMC2373331__zpq0150801420005.txt,5,4,0,1,4,J,B|X|JH|FAT
PMC2374695__nihms46978f1.txt,8,4,1,4,3,HI|STI|DINE|SPC1,AN|MAK3|MPR1
PMC2374726__mol14_5p0346f1.txt,8,7,2,1,5,IL-10,TLR-4|P|CO|OF|L
PMC2374727__mol14_5p0276f5.txt,3,2,0,1,2,DQ,L|LN
PMC2374735__mol14_5p0264f7.txt,4,3,0,1,3,CELL,H|P|L
PMC2375051__pone.0002215.g007.txt,4,3,0,1,3,J,IF|H|S
PMC2376240__zbc0230837520008.txt,3,1,0,2,1,R|CAGA,Y
PMC2376838__nihms-45502-f0008.txt,5,5,2,0,3,,Y|G-CSF|GCSFR
PMC2377155__pcbi.1000086.g003.txt,0,0,0,0,0,,
PMC2377155__pcbi.1000086.g004.txt,0,0,0,0,0,,
PMC2387053__nihms49842f2.txt,6,4,1,2,3,R|J,IGFI|MEK|ERK
PMC2394659__pone.0002339.g003.txt,0,0,0,0,0,,
PMC2394752__gb-2007-8-6-r104-1.txt,0,0,0,0,0,,
PMC2396493__nihms47079f1.txt,10,7,3,3,4,DAMAGE|R|CELL,P|P53|RTS|L
PMC2398769__nihms47946f4.txt,0,0,0,0,0,,
PMC2398777__pone.0002407.g005.txt,2,1,1,1,0,GREM1,
PMC239898__1477-7827-1-71-6.txt,3,1,0,2,1,GNRH|U,Z
PMC2405915__nihms-44878-f0008.txt,5,4,4,1,0,HS,
PMC2409381__zpq0170803920006.txt,0,0,0,0,0,,
PMC24103__pq2262603005.txt,1,0,0,1,0,CELL,
PMC2413058__nihms45866f7.txt,0,0,0,0,0,,
PMC24169__pq2392867005.txt,0,0,0,0,0,,
PMC2417166__zbc0150831300008.txt,0,0,0,0,0,,
PMC2417171__zbc0140830780006.txt,0,0,0,0,0,,
PMC2417189__zbc0140830440008.txt,0,0,0,0,0,,
PMC2422835__nihms-50556-f0001.txt,2,2,0,0,2,,Y|L
PMC2422835__nihms-50556-f0002.txt,5,4,0,1,4,OR,OF|L|P38|PKCA
PMC2423168__zmb0100874790007.txt,6,5,0,1,5,CA,OF|B|L|IN|ER
PMC2423294__zmb0110875290008.txt,3,3,0,0,3,,CT|L|S
PMC2424295__msb200830-f2.txt,2,2,1,0,1,,CO
PMC2425463__gkn234f6.txt,11,9,1,2,8,R|J,B|Z|Y|L|H|IN|GL|IF
PMC2426945__jcb1810973f07.txt,1,0,0,1,0,EPHB,
PMC2430908__pbio.0060123.g008.txt,7,6,2,1,4,J,RBP-J|DIF|LD|P
PMC2432088__nihms51274f1.txt,5,3,2,2,1,LEUS|JNK,L
PMC2435278__ppat.1000098.g002.txt,6,4,2,2,2,TUB|J,IMD|L
PMC2438462__tpc2001390f08.txt,6,4,2,2,2,NOA1|NB,MEK2|MEK1
PMC2441458__gb-2008-9-5-224-2.txt,3,1,1,2,0,TES|FOR,
PMC2441985__1276fig3.txt,2,1,1,1,0,CELL,
PMC2442100__1471-2105-9-276-10.txt,0,0,0,0,0,,
PMC2442829__nihms51320f2.txt,1,1,0,0,1,,RAD
PMC2443685__nihms54637f12.txt,0,0,0,0,0,,
PMC2447663__zbc0190834310009.txt,6,5,0,1,5,GADD34,GCN2|MEK|ERK|EIF2A|PP1
PMC2447903__jcb1820171f08.txt,8,6,3,2,3,II|R,TWEAK|CIAP|L
PMC2453100__zee0070841090007.txt,1,0,0,1,0,CELL,
PMC2464318__mol14_7p0538f1.txt,3,2,0,1,2,CELL,P|S
PMC2464322__mol14_7p0517f1.txt,6,3,1,3,2,CLR|E|J,P|ER
PMC2469272__11095_2008_9571_Fig2_HTML.txt,12,10,4,2,6,J|JNK,L|TRAF6|TRAM|MAL|TRIF|RIP1
PMC2481274__pone.0002737.g002.txt,0,0,0,0,0,,
PMC2483369__tpc2001678f06.txt,1,0,0,1,0,HR,
PMC2486832__nihms55797f3.txt,4,2,1,2,1,E|PIP,PKBG
PMC2490815__PPAR2008-658520.002.txt,15,9,1,6,8,ST|R|LH|U|ANT|CTL,DL|S|PPAR|SA|B|IL-27|OK|CI
PMC2491337__nihms-55900-f0009.txt,6,5,2,1,3,HS,ANG|MCP-1|L
PMC2491588__pone.0002942.g007.txt,5,4,1,1,3,MASS,PTHR1|RANKL|M-CSF
PMC2491599__1755-7682-1-10-2.txt,5,4,2,1,2,R,B|HO
PMC2491602__1752-0509-2-64-6.txt,0,0,0,0,0,,
PMC2491722__nihms57217f6.txt,0,0,0,0,0,,
PMC2494517__zh20070851630009.txt,6,3,2,3,1,CELL|E|P27,DL
PMC2494797__zh50070852350007.txt,5,5,2,0,3,,SGC|L|H
PMC2494844__zh70100832360002.txt,0,0,0,0,0,,
PMC2496917__1471-2164-9-348-1.txt,5,3,0,2,3,PIP|J,L|H|RP
PMC2500174__pone.0003001.g007.txt,7,5,3,2,2,MRLC|CELL,L|OF
PMC2504275__11420_2007_9072_Fig1_HTML.txt,2,2,2,0,0,,
PMC2504275__11420_2007_9072_Fig4_HTML.txt,1,1,0,0,1,,L
PMC2504419__nihms56601f8.txt,4,4,1,0,3,,C-JUN|AP-1|OF
PMC2515128__zh80170823190007.txt,12,10,5,2,5,CA|NG,P38|B|ENOS|PKC|PKG
PMC2515336__1476-4598-7-64-2.txt,3,2,1,1,1,NF-KB,B
PMC2515524__JLR4991981f8.txt,4,4,1,0,3,,TNFA|Y|S
PMC2515624__nihms56053f1.txt,5,5,2,0,3,,B|L|PTC
PMC2516985__zbc0350846720008.txt,6,4,1,2,3,RIG-I|MAVS,L|P65|P52
PMC2519632__zjv0170809790006.txt,3,2,1,1,1,R,P
PMC2519775__zek0080831680001.txt,2,1,0,1,1,J,L
PMC25225__mk0490824010.txt,11,6,1,5,5,J|POLL|IA|LA|SS,PPASE|L|OF|RN|RL
PMC2526161__PPAR2008-358052.004.txt,1,0,0,1,0,UCE,
PMC2528845__zef0020826790002.txt,7,4,1,3,3,U|R|J,L|AK|S
PMC2528845__zef0020826790003.txt,4,3,0,1,3,J,ET|SPRY|SEF
PMC2528845__zef0020826790004.txt,6,4,4,2,0,SRY|CELL,
PMC2529314__1471-2164-9-369-8.txt,0,0,0,0,0,,
PMC2531163__nihms65923f3.txt,19,15,7,4,8,E|CELL|TACE|OR,B|L|S|CK1|FU|GH|Y|CSL
PMC2532600__nihms56058f2.txt,3,3,0,0,3,,P|KREMEN|B
PMC2535674__GEN1801191f8.txt,3,2,0,1,2,G2,P|Y
PMC25360__mk0690891009.txt,3,3,1,0,2,,TOR|ERK2
PMC2542903__nihms62958f6.txt,4,3,1,1,2,CELL,OF|ERK
PMC2544441__zh00090857030003.txt,3,1,0,2,1,R|E,B
PMC2547063__zek0090831870008.txt,3,2,2,1,0,J,
PMC25483__mk0880660011.txt,6,5,2,1,3,NHE1,LPA|P160ROCK|L
PMC2553141__BIO.135483.lw.f1.txt,7,5,0,2,5,J|R,S|L|P|RO|SE
PMC2553363__nihms60357f1.txt,4,3,2,1,1,TRAIL-R2,X
PMC2555978__ukmss-2187-f0006.txt,3,2,0,1,2,SOM,R1|B
PMC2556008__zbc0420851670010.txt,4,4,1,0,3,,FAK|ERK|DI
PMC2556273__1660fig8.txt,2,1,1,1,0,II,
PMC2556276__nihms-49618-f0001.txt,0,0,0,0,0,,
PMC2556613__zh80200824920001.txt,0,0,0,0,0,,
PMC2556850__nihms65948f2.txt,6,6,0,0,6,,HSC|ON|DP|ET|SF|AF
PMC2559911__2721fig7.txt,3,1,0,2,1,PIP|FOR,L
PMC2561291__pone.0003430.g002.txt,8,6,3,2,3,E|MIN,AP-1|TRAM|B
PMC2561291__pone.0003430.g005.txt,7,6,1,1,5,J,B|TRAF6|TRAM|INT|TRIF
PMC2562038__nihms68083f2.txt,2,1,1,1,0,CELL,
PMC2562168__nihms67756f2.txt,6,3,1,3,2,E|R|U,L|AF
PMC2567351__1471-2105-9-412-1.txt,0,0,0,0,0,,
PMC2567351__1471-2105-9-412-2.txt,1,0,0,1,0,U,
PMC2567390__GEN1802905f6.txt,2,2,1,0,1,,GLP-1
PMC2568057__zek0100832060010.txt,1,0,0,1,0,R,
PMC2568960__ppat.1000175.g007.txt,1,1,0,0,1,,L
PMC2570596__neo1011_1204_fig001.txt,1,1,0,0,1,,TS
PMC2570709__nihms73332f1.txt,0,0,0,0,0,,
PMC2573088__zbc0470855210011.txt,4,3,3,1,0,J,
PMC2573245__zjv0220812040006.txt,0,0,0,0,0,,
PMC2574814__nihms-65799-f0027.txt,6,6,2,0,4,,OF|ALP|OCN|PI
PMC2575163__zmk0110887560008.txt,0,0,0,0,0,,
PMC2575623__ar2451-7.txt,0,0,0,0,0,,
PMC2575803__nihms69787f1.txt,5,4,2,1,2,J,ASM|AK
PMC2576563__zbc0480855990007.txt,3,2,1,1,1,MUC5AC,ERK
PMC2577427__zmb0200877470009.txt,3,1,0,2,1,GO|VIN,L
PMC2578836__nihms63415f7.txt,8,6,2,2,4,II|ACTIVIN,ON|H|B|AN
PMC2581573__zbc0490856650001.txt,0,0,0,0,0,,
PMC2581770__nihms57617f3.txt,7,5,0,2,5,TNFR|R,LT|L|P65|P50|P
PMC2585009__pone.0003664.g007.txt,7,5,2,2,3,R|IL-6,OF|IFN|IL-18
PMC2585047__nihms65573f1.txt,6,3,1,3,2,II|J|RC,CALL|TR
PMC2590753__nihms59069f7.txt,3,2,0,1,2,R,PH|L
PMC2593196__zek0120832510001.txt,11,7,2,4,5,AID|OR|SIT|J,SI|H|PTP|B|CO
PMC2593375__zmb0230878000009.txt,5,4,1,1,3,J,PTB|S|PL
PMC2596750__nihms70476f8.txt,11,7,4,4,3,R|J|CAL|NF-KB,LT|IKK|IKBA
PMC2597184__nihms-81185-f0002.txt,9,8,1,1,7,CELL,CD|NIK|MEKK3|IKKA|IKK|P100|P1
PMC2597721__ppat.1000247.g006.txt,3,2,0,1,2,L10,OF|NU
PMC2597811__nihms37181f2.txt,4,2,2,2,0,R|OR,
PMC2600414__nihms-81117-f0001.txt,6,5,5,1,0,CELL,
PMC2600878__nihms26144f6.txt,1,1,0,0,1,,PSGL-1
PMC2603135__nihms57516f6.txt,7,6,4,1,2,RM1,L|P53
PMC2603136__nihms-81890-f0005.txt,0,0,0,0,0,,
PMC2605563__pone.0004093.g007.txt,6,5,0,1,5,CA,TAT|H|B|P50|S
PMC2606015__zbc0040961640009.txt,0,0,0,0,0,,
PMC2606916__nihms46332f1.txt,3,2,0,1,2,ST,L|CD40L
PMC2610355__nihms82917f9.txt,5,3,1,2,2,AIC|ADD,C-FLIP|L
PMC2610502__zbc0060962900009.txt,0,0,0,0,0,,
PMC2613047__zee0120844530005.txt,3,1,0,2,1,ERC|NAIL,B
PMC2613484__nihms-82795-f0003.txt,16,9,1,7,8,TNFR1|R|SLC|ELC|SDF-1A|J|E,P50|P65|IKK|Y|LT|P100|L|P52
PMC2613484__nihms-82795-f0007.txt,5,2,1,3,1,LIGHT|CELL|HVEM,NIK
PMC2613546__nihms79323f5.txt,3,3,2,0,1,,L
PMC2613669__tpc2002989f08.txt,6,2,0,4,2,RH|CASTOR|CA|AM2,S|L
PMC2613770__nihms76174f1.txt,5,4,1,1,3,FA,TNFA|LPS|L
PMC2615406__nihms71041f9.txt,2,0,0,2,0,KATP|CELL,
PMC2615499__zbc0060962760009.txt,7,4,1,3,3,E|CELL|J,H|S|L
PMC261890__pbio.0000053.g008.txt,13,11,5,2,6,J|16,PP2|P1|CAM2|ABL|TCRA|ZAP-70
PMC2621059__nihms85699f4.txt,5,4,1,1,3,E,AS|OF|IN
PMC2626396__zjh0120878120006.txt,3,2,1,1,1,R,L
PMC2627788__nihms-79758-f0005.txt,5,4,0,1,4,E3,C-MYC|SALL4|OF|IN
PMC2629187__zpq9990860690006.txt,0,0,0,0,0,,
PMC2629278__zpq9990963490001.txt,0,0,0,0,0,,
PMC2630276__zh80020928920007.txt,0,0,0,0,0,,
PMC2631405__nihms84804f1.txt,15,11,5,4,6,LI|R|PAPP-A|NS,IN|L|PKB|CO|GH|P
PMC2632088__zjb0030984240001.txt,1,1,0,0,1,,GMP
PMC2633800__cib0101_0053_fig001.txt,3,1,0,2,1,CELL|WUS,L3
PMC2634038__psb0203_0135_fig001.txt,5,5,1,0,4,,S|L|P|AC
PMC2634088__cam0203_0192_fig004.txt,1,0,0,1,0,R,
PMC2634110__psb0303_0166_fig001.txt,4,2,0,2,2,ISA|PAL,SA|NPR
PMC2634110__psb0303_0166_fig002.txt,3,1,0,2,1,CA|E,ACO
PMC2634111__psb0303_0175_fig001.txt,4,3,1,1,2,PE,GA|OF
PMC2634124__psb0105_0231_fig003.txt,4,3,1,1,2,CTRL,AIR|L
PMC2634135__psb0204_0245_fig001.txt,2,1,0,1,1,WUS,OF
PMC2634143__psb0204_0263_fig002.txt,14,9,3,5,6,PIP|IPS|T2|CA|CA2,DGK|PL|PA|PKC|P|OF
PMC2634213__psb0205_0365_fig002.txt,4,4,1,0,3,,ROS|IP|SC
PMC2634256__org0402_0109_fig001.txt,2,0,0,2,0,CA2|E,
PMC2634257__org0402_0116_fig001.txt,7,4,3,3,1,JNK|CA|J,PKC
PMC2634257__org0402_0116_fig005.txt,3,3,1,0,2,,P|PR
PMC2634258__org0402_0123_fig001.txt,5,3,2,2,1,LARGE|CELL,B
PMC2634307__psb0306_0381_fig001.txt,4,3,0,1,3,CA,HO|CO|ROS
PMC2634369__psb0310_0761_fig001.txt,7,5,2,2,3,OR|CTR1,ERF|L|ERF1
PMC2634381__psb0310_0813_fig001.txt,6,4,0,2,4,E|CELL,B|RLK|L|ND
PMC2634388__psb0310_0831_fig001.txt,7,4,1,3,3,U|E|FA,L|MKK4|S
PMC2634812__nihms70868f3.txt,15,10,4,5,6,CELL|TCF-1|CPA3|J|IL-3,C-KIT|ON|DL|L|SCF|GATA-1
PMC2634812__nihms70868f5.txt,4,3,1,1,2,SPIB,S|EBF
PMC2634968__pcbi.1000292.g004.txt,4,3,2,1,1,II,S
PMC2634968__pcbi.1000292.g005.txt,6,5,2,1,3,E,UBC13|PI|L
PMC2634968__pcbi.1000292.g006.txt,4,3,0,1,3,E,UBC13|UEV1A|PI
PMC2634968__pcbi.1000292.g007.txt,7,6,3,1,3,E,UBC13|PI|TRAF6
PMC2634987__cam0202_0071_fig001.txt,3,2,1,1,1,CORT,L
PMC2635405__94157.fig1.txt,0,0,0,0,0,,
PMC2635620__ijms-9-2217f2.txt,3,3,2,0,1,,TOR
PMC2636929__zh30010952680009.txt,0,0,0,0,0,,
PMC2637179__nihms85692f2.txt,1,1,0,0,1,,IN
PMC2637482__cam0204_0220_fig002.txt,2,1,0,1,1,ROBO4,ANG
PMC2637552__nihms-89014-f0001.txt,0,0,0,0,0,,
PMC2638722__molbiolevolmsn138f02_ht.txt,7,6,1,1,5,CSR,SLP1|SLP2|S|P4|ADH2
PMC2638772__ddn33909.txt,7,5,1,2,4,CELL|E,L|DL|GREMLIN|LAR
PMC2639041__btn403f2.txt,6,5,1,1,4,E,H|B|L|Y
PMC2639041__btn403f3.txt,0,0,0,0,0,,
PMC2639168__btn451f4.txt,9,6,2,3,4,J|R|CA,B|H|L|AN
PMC2639168__btn451f5.txt,4,3,0,1,3,R,B|LT|PI
PMC2639747__nihms-90748-f0002.txt,5,2,2,3,0,J|R|KINO,
PMC2639789__nihms85988f9.txt,4,2,1,2,1,JNK|CELL,SURVIVIN
PMC2640107__nihms91988f5.txt,0,0,0,0,0,,
PMC2642928__nihms92340f1.txt,5,4,0,1,4,CD70,ERK|L|OF|CD40L
PMC2644150__zpq9990965110007.txt,0,0,0,0,0,,
PMC2645475__nihms72752f1.txt,1,1,0,0,1,,P
PMC2645475__nihms72752f4.txt,3,2,1,1,1,R,L
PMC2645926__nihms86471f11.txt,4,1,1,3,0,J|TSPO|CELL,
PMC2646135__pgen.1000408.g007.txt,8,5,2,3,3,GPA2|T1|R,P|L|ROS
PMC2647628__PROCATS43263fig1.txt,5,4,3,1,1,J,S
PMC2647780__pcbi.1000287.g001.txt,4,4,0,0,4,,CO|Z|L|CT
PMC2648682__JCI0938661.f1.txt,2,1,1,1,0,CELL,
PMC2648785__1471-2105-10-S1-S53-6.txt,7,5,4,2,1,R|DC,PN
PMC2649397__pp1491207f01.txt,1,1,0,0,1,,ACC
PMC2649571__pone.0004690.g007.txt,4,3,1,1,2,STOP,IN|BAR
PMC2649616__org0301_0025_fig003.txt,8,6,0,2,6,CELL|E,OF|ATS|MAD|PH|IN|MERLIN
PMC2649808__zjw0120833050005.txt,0,0,0,0,0,,
PMC2649824__nihms95369f1.txt,0,0,0,0,0,,
PMC2650010__nihms86788f2.txt,1,1,0,0,1,,AM
PMC2650170__zpq9990967830001.txt,10,5,1,5,4,R|YRS|R2|E|ANA,Y|R1|B|P
PMC2650409__pone.0004686.g006.txt,4,2,0,2,2,LOR|GHRELIN,RLC|Y
PMC2650750__nihms75884f1.txt,13,7,2,6,5,J|OR|JNK|NF-KB|R|GLUT4,IKK2|PKC|P65|L|OF
PMC2651576__pone.0004771.g006.txt,5,4,2,1,2,BIM,ET|MCL-1
PMC2652039__nihms-81179-f0009.txt,4,4,2,0,2,,TWEAK|L
PMC2653622__nihms-78867-f0005.txt,3,2,2,1,0,CELL,
PMC2654975__AJRCCM1796457f1.txt,17,13,9,4,4,E|IT1|UT2|FURIN,IF|LNX|POF|OT
PMC2656602__nihms-85459-f0007.txt,3,2,0,1,2,R,B|L
PMC2656612__pone.0004979.g008.txt,2,1,0,1,1,MTMR8,OF
PMC2657410__zpq9990971880002.txt,0,0,0,0,0,,
PMC2657410__zpq9990971880006.txt,0,0,0,0,0,,
PMC2657416__zpq9990970160006.txt,2,2,1,0,1,,SK
PMC2657487__nbtm-2-3-0185f1.txt,5,4,1,1,3,CELL,Y|OF|P
PMC2657775__1752-0509-3-11-7.txt,1,0,0,1,0,II,
PMC2657775__1752-0509-3-11-9.txt,0,0,0,0,0,,
PMC2657945__ddp03201.txt,5,5,2,0,3,,PI3K|ERK|IKK
PMC2658594__nihms97377f4.txt,2,2,1,0,1,,OF
PMC2658630__nihms85267f7.txt,11,10,2,1,8,MLC2,S1P|LPA|S1|P|Y|PI3K|MEK|ERK
PMC2659402__nihms84561f3.txt,0,0,0,0,0,,
PMC2659592__nihms-96516-f0007.txt,3,2,0,1,2,J,PA|L
PMC2660380__nihms96238f3.txt,8,7,3,1,4,II,LPA|EBP|PKCL|P
PMC2661541__gcr2_4ap0010f1.txt,0,0,0,0,0,,
PMC2661616__nihms93405f2.txt,8,6,1,2,5,JNK|NF-KB,RAGE|PI3K|P38|IKK|L
PMC2661875__nihms92737f4.txt,4,2,0,2,2,J|R,B|L
PMC2662295__zbc0050962250005.txt,0,0,0,0,0,,
PMC2662467__ijms-10-00184f6.txt,16,13,8,3,5,R|CELL|DK4,SLT|P|L|Y|IRAS
PMC2662567__JCI37934.f2.txt,8,7,4,1,3,J,L|UP|ASK
PMC2663984__zpq9990972180005.txt,5,4,4,1,0,CELL,
PMC2665046__nihms94225f2.txt,2,1,0,1,1,J,X
PMC2665046__nihms94225f6.txt,9,5,3,4,2,E3|RC|R|TP,S|PKC
PMC2666387__nihms69896f7.txt,1,0,0,1,0,J,
PMC2666844__gcr1_4ap0013f5.txt,1,1,0,0,1,,OT
PMC2666999__zpq9990973280005.txt,0,0,0,0,0,,
PMC2667898__nihms-106100-f0006.txt,1,1,1,0,0,,
PMC2668232__zcm0020922780005.txt,1,1,1,0,0,,
PMC26685__pq0103652003.txt,7,5,2,2,3,CELL|J,S|L|H
PMC2668721__nihms95970f1.txt,7,5,1,2,4,LI|M-RIP,ERM|P38|HSP27|OF
PMC2668775__WJG-15-1702-g001.txt,1,1,0,0,1,,L
PMC2668855__zh80170934070007.txt,0,0,0,0,0,,
PMC2668926__JO2009-526963.001.txt,41,28,5,13,23,E|LI|JN|CDL|R|CELL|HE|U|ST|HIC|ROM|CA|FOR,ON|PI|PKC|DL|L|SC|TR|C-JUN|P38|SE|ER|FR|OF|S|B|BB2|AN|TIN|AC1|H|IN|MI|NU
PMC2669196__zek0040933030001.txt,1,1,0,0,1,,S
PMC2670105__zbc0240967280001.txt,1,1,1,0,0,,
PMC2670969__nihms103385f4.txt,11,8,3,3,5,CELL|G2|NF-KB,H|S|B|IKK|PI3K
PMC2671376__zjh0040979520007.txt,6,1,0,5,1,R|OR|II|DEC|DO,IN
PMC2671893__zee0050947400011.txt,1,0,0,1,0,R,
PMC2673764__DEV034082F10.txt,23,15,7,8,8,UL|R2|ACTIVIN|J|CELL|FATE|U|LH,IN|LD|L|B|ERK|AN|H|S
PMC2673908__nihms100740f2.txt,1,1,1,0,0,,
PMC2674015__nihms40511f2a.txt,4,3,3,1,0,J,
PMC2674123__nihms-80058-f0011.txt,6,5,1,1,4,CELL,LN|SYT|ON|ND
PMC2674225__PROCATS62152f2.txt,7,6,3,1,3,FA,CD|TN|S
PMC2674579__nihms-108483-f0001.txt,9,5,3,4,2,J|BIM|R|CELL,P|JNK1
PMC2674646__nihms88867f1.txt,2,2,1,0,1,,ADAM
PMC2675004__nihms-107317-f0003.txt,0,0,0,0,0,,
PMC2675004__nihms-107317-f0005.txt,1,1,0,0,1,,IKK2
PMC2675720__pp1500114f08.txt,3,2,0,1,2,CA2,OF|ON
PMC2676447__nihms87682f5.txt,6,4,2,2,2,R|CELL,TSP-1|S
PMC2676770__psb0405_0470_fig001.txt,2,1,1,1,0,DOR,
PMC2677410__nihms102225f1.txt,11,4,0,7,4,IA|GO|CF|CELL|EL|R|J,ON|L|CT|Y
PMC2677440__AJRCMB405610f7.txt,5,5,3,0,2,,TRIF|ERK
PMC2678983__1752-0509-3-36-4.txt,0,0,0,0,0,,
PMC2679155__nihms103414f1.txt,2,1,1,1,0,CELL,
PMC2679328__emm-41-94-g005.txt,9,8,1,1,7,PLA2,PA|L|DAG|LPA|AA|ERK|BCL-2
PMC2679364__nihms85735f2.txt,6,5,2,1,3,GO,IN|L|SAP
PMC2679403__1471-2105-10-S5-S3-4.txt,18,11,2,7,9,U|II|MTH|NG|R|TED|LE,AC|TYPE|X|S|B|AN|PL|SARA|L
PMC2679427__zbc0200971600003.txt,0,0,0,0,0,,
PMC2679751__1471-2202-10-27-7.txt,0,0,0,0,0,,
PMC2679989__nihms100433f1.txt,12,10,3,2,7,E|TAKL,ON|RICK|RIP2|IFF|NEMO|P50|P65
PMC2680807__1752-0509-3-46-5.txt,0,0,0,0,0,,
PMC2681376__zh00050959230007.txt,7,5,1,2,4,ADO|R,AC|EPAC|PI3K|PKB
PMC2682041__zmb0100980510006.txt,5,3,1,2,2,GAT1|J,B|PPH
PMC2683183__nihms84103f1.txt,1,1,0,0,1,,GPCR
PMC2683622__nihms105613f9.txt,2,2,1,0,1,,L
PMC2683667__nihms101693f4.txt,4,3,1,1,2,II,B|TARA
PMC2683752__nihms99093f3.txt,0,0,0,0,0,,
PMC2684190__zjh0060980310009.txt,12,6,3,6,3,HA|E|HYAL2|CABLES|TED|IL8,FR|EEN|S
PMC2684941__nihms108550f1.txt,9,7,0,2,7,R|PLA2,A2|HO|C1|CPLA2|AO|AA|L
PMC2685460__nihms103814f7.txt,7,6,3,1,3,NF-KB,CD11B|CD18|AP
PMC2685763__nihms66152f7.txt,4,2,1,2,1,KO|EGFL7,L
PMC2685917__halms340599f9.txt,5,5,4,0,1,,B
PMC2686461__gkn653f1.txt,10,5,0,5,5,BCR|OR|E|NA|ST,X|TR|PM|CT|L
PMC2688308__psb0406_0545_fig001.txt,5,3,0,2,3,HEMA|MGMT,GCH|L|ROS
PMC2688657__JBB2009-707580.001.txt,1,1,0,0,1,,B
PMC2688935__gb-2009-10-4-r44-3.txt,0,0,0,0,0,,
PMC2689134__JCI38937.f4.txt,10,7,2,3,5,CH|R2|GIL,AC|B|H|TSG|L
PMC2689776__zjw0040933630007.txt,0,0,0,0,0,,
PMC2689953__pp1500951f01.txt,7,5,0,2,5,J|PINT,S|L|P3|IP|P
PMC2692661__nihms14835f8.txt,15,14,3,1,11,SEN,B|RAL|MEK|PR|ERK|P16|RB|P53|P|RO|OF
PMC2694443__nihms114616f8.txt,1,0,0,1,0,MASS,
PMC2694555__CG-9-349_F2.txt,5,5,1,0,4,,P53|RB|B|OF
PMC2694555__CG-9-349_F3.txt,3,2,0,1,2,E,B|L
PMC2694616__nihms114667f1.txt,0,0,0,0,0,,
PMC2694616__nihms114667f4.txt,11,5,1,6,4,J|E|U|AZ|LE|E2,S|B|P16|AN
PMC2694616__nihms114667f5.txt,10,5,1,5,4,GFR|U|R|II|16,B|L|P|OF
PMC2694829__1755-8794-2-27-6.txt,2,1,0,1,1,R,L
PMC26952__pq1501526007.txt,2,2,1,0,1,,B
PMC2695499__nihms106796f10.txt,6,6,3,0,3,,B|PP|P1
PMC2695974__nihms106785f10.txt,3,3,0,0,3,,IN|ET|C-JUN
PMC2696053__nihms106693f1.txt,18,11,2,7,9,CELL|NEC|J|R|OS|RICH|SERRATE,B|L|S2|S3|CSL|CBP|P300|S|LAG-2
PMC2696359__nihms54315f1.txt,17,15,3,2,12,R|NF-KB,Y|MKK3|IKKA|MKK4|MEK1|P65|P50|P100|JNK1|ER|P|FAK1
PMC2696359__nihms54315f3.txt,4,4,0,0,4,,NOT|X|Y|Z
PMC2697172__1471-2164-10-220-8.txt,0,0,0,0,0,,
PMC2698598__zh60040967510006.txt,0,0,0,0,0,,
PMC2698645__zdg0040984510002.txt,0,0,0,0,0,,
PMC2698936__nihms105796f2.txt,2,1,0,1,1,J,BCL-2
PMC2699148__JCB_200807186_RGB_Fig10.txt,14,9,1,5,8,J|EL|R|DO|HR,KL|H|L|EI|QR|PR|Y|CLI
PMC2699768__nihms98138f3.txt,11,9,1,2,8,R|E,B|ER|AC|RAR|L|TS|ON|TR
PMC2699825__CG-10-93_F3.txt,6,2,0,4,2,PROT|NM|RU|LCT,PM|L
PMC2700035__nihms112886f6.txt,2,2,1,0,1,,B
PMC2700095__1471-213X-9-32-10.txt,0,0,0,0,0,,
PMC2700400__JCB_200809151_RGB_Fig10.txt,13,10,2,3,8,R|CEP|TIC,PS1|CTF|PS|MEF|TOR|Y|HO|P
PMC2700405__WJG-14-1823-g001.txt,3,2,1,1,1,CELL,L
PMC2702845__nihms107615f7.txt,7,4,0,3,4,ADP|UTP|CA2,P2Y|DAG|GA|CAM
PMC2704161__zmk0130991040001.txt,1,1,1,0,0,,
PMC2704880__JCS041137F8.txt,3,1,0,2,1,ENT1|CELL,RING
PMC2705764__PPAR2009-571365.001.txt,0,0,0,0,0,,
PMC2705893__nihms26841f1.txt,3,1,0,2,1,FATS|R,AOM
PMC2706146__nihms42936f3.txt,10,6,2,4,4,R|NF-KB|J|E,S|L|MYOD|SIS
PMC2706661__nihms75822f1.txt,2,1,0,1,1,CELL,H
PMC27070__pq1901337001.txt,0,0,0,0,0,,
PMC2708566__zii0070980230009.txt,3,3,1,0,2,,BIP|ER
PMC2708714__zpq9990985740002.txt,0,0,0,0,0,,
PMC2708980__nihms109051f8.txt,1,1,0,0,1,,ERK
PMC2709100__nihms113342f1.txt,2,0,0,2,0,NG|CELL,
PMC2709179__zjw0060933930006.txt,0,0,0,0,0,,
PMC2709272__nihms36363f1.txt,1,1,0,0,1,,L
PMC2709391__zbc0300980340008.txt,1,1,1,0,0,,
PMC2709717__PPAR2009-830501.001.txt,0,0,0,0,0,,
PMC2709856__nihms-110725-f0001.txt,0,0,0,0,0,,
PMC2710557__psb0407_0625_fig001.txt,1,1,1,0,0,,
PMC2710824__zmk0140991270009.txt,14,13,3,1,10,DAMAGE,TRIP|P21|GL|S|CLASP|IN|CHK|L|ERA|AK1
PMC2711543__nihms110404f5.txt,16,11,4,5,7,E|DOM|MIN|HA|R,B|ERK|EXP|X|L|P|H
PMC2711664__zh10070957180001.txt,1,1,1,0,0,,
PMC2712453__1752-0509-3-67-4.txt,0,0,0,0,0,,
PMC2712453__1752-0509-3-67-5.txt,1,1,0,0,1,,L
PMC2712453__1752-0509-3-67-6.txt,0,0,0,0,0,,
PMC2712453__1752-0509-3-67-7.txt,3,2,1,1,1,R,P
PMC2712666__nihms112649f9.txt,0,0,0,0,0,,
PMC2713013__nihms-100233-f0007.txt,5,3,1,2,2,NF-KB|SHP1,L|OF
PMC2713319__PROCATS23214f3.txt,3,3,0,0,3,,P65|LPS|IF
PMC2713330__PROCATS25403f1.txt,6,3,0,3,3,DS|CLA|TP,LPS|Y|IFN
PMC2713381__nihms94941f8.txt,8,6,3,2,3,J|CELL,LPS|CRAF1|PKB
PMC2713568__zbc0290979420007.txt,8,6,2,2,4,PHOSPHO|DR5,TRAIL|L|S|P53
PMC2713831__pone.0006410.g005.txt,2,1,0,1,1,R,B
PMC2715000__bire-79-05-01-f08.txt,7,6,5,1,1,CELL,IN
PMC2715501__zpq9990986530001.txt,0,0,0,0,0,,
PMC2715766__zjv0160922090009.txt,0,0,0,0,0,,
PMC2715837__nihms124211f1.txt,0,0,0,0,0,,
PMC2716072__nihms104454f4.txt,9,4,2,5,2,J|GIL|U|CELL|PROL,L|X
PMC2717289__gr1.txt,1,0,0,1,0,16,
PMC2717566__JBB2009-181282.007.txt,2,2,0,0,2,,P|BAK
PMC2717887__zee0080949230002.txt,0,0,0,0,0,,
PMC2718703__pbio.1000172.g015.txt,8,4,2,4,2,MIN|E|OS|U,B|L
PMC2719350__zbc0300980580009.txt,11,9,3,2,6,U|OS,B|P|EI|AN|L|LKB1
PMC2719801__pone.0006575.g002.txt,7,6,2,1,4,RSK,MEK|TOR|P90|OF
PMC2719801__pone.0006575.g003.txt,7,6,2,1,4,RSK,MEK|TOR|OF|P90
PMC2720065__nihms-92061-f0009.txt,11,9,5,2,4,J|CELL,PKC|NOX2|ROS|OF
PMC2720436__nihms-76263-f0001.txt,7,5,5,2,0,YAP|CELL,
PMC2720598__nihms30595f4.txt,4,2,1,2,1,PHOSPHO|JNK,B
PMC2720726__btn400f1.txt,9,7,7,2,0,LMP2|E,
PMC27208__pq2302842003.txt,1,0,0,1,0,LI,
PMC2721971__tra0010-0982-f3.txt,7,4,3,3,1,PIP|J|MD,B
PMC2722148__carcinbgn247f01_lw.txt,4,4,3,0,1,,P
PMC2723940__nihms98161f3.txt,5,4,2,1,2,PAP1,PKC|DAG
PMC2724029__fnmol-02-007-g004.txt,4,1,0,3,1,19A|E|J,B
PMC2724029__fnmol-02-007-g005.txt,10,5,1,5,4,PM1|V2|J|R|JNK,B|MEKK|MEK|L
PMC2724047__1509fig7.txt,5,3,0,2,3,TED|OR,Y|L|TNFA
PMC2724233__zh60080968690001.txt,3,1,0,2,1,E|J,S
PMC2725405__nihms134183f6.txt,1,1,0,0,1,,Y
PMC2725709__zmb0170982320007.txt,0,0,0,0,0,,
PMC2725943__1910fig7.txt,9,7,1,2,6,R|E,OT|S|AC|P|RIM|TOR
PMC2726720__nihms115902f3.txt,1,1,1,0,0,,
PMC2727076__JEB024646F8.txt,0,0,0,0,0,,
PMC2727416__zh89990938960007.txt,0,0,0,0,0,,
PMC2727475__nihms119570f1.txt,1,1,0,0,1,,OF
PMC2727867__nihms136752f1.txt,0,0,0,0,0,,
PMC2728515__1471-2121-10-57-6.txt,0,0,0,0,0,,
PMC2729032__zpq9990991120006.txt,0,0,0,0,0,,
PMC2729340__DEV034595F6.txt,5,3,1,2,2,CELL|DO,X|Y
PMC2729372__pone.0006792.g006.txt,6,4,1,2,3,II|SES,CNO|L|S
PMC2730119__nihms122211f3.txt,10,7,2,3,5,R|J|OUT,ALD|L|WNK1|Y|IN
PMC2730119__nihms122211f6.txt,3,2,0,1,2,OUT,IN|BK
PMC2731733__1752-0509-3-80-5.txt,18,13,2,5,11,U|J|JP|RX|R,FI|A4|S|AS|B|VL|L|H|P|CI|TR
PMC2731830__nihms112315f1.txt,4,2,1,2,1,CELL|BOMB,SW
PMC2733081__grsb-2008-253f4.txt,5,4,2,1,2,MA,Y|UP
PMC2735864__nihms-116298-f0001.txt,3,3,1,0,2,,TN|OF
PMC2735923__JCI38079.f10.txt,2,2,1,0,1,,PDGFR
PMC2735973__pp1510275f08.txt,2,2,0,0,2,,IN|L
PMC2737473__nihms-126263-f0005.txt,3,2,1,1,1,J,MEK
PMC2738275__zmb0180982600009.txt,5,3,1,2,2,E|JN,PPASE|S
PMC2739756__1955fig3.txt,1,1,0,0,1,,COCA
PMC2740372__nihms124870f2.txt,0,0,0,0,0,,
PMC2740573__zbc0340982740005.txt,0,0,0,0,0,,
PMC2741634__nihms134316f2.txt,0,0,0,0,0,,
PMC2741699__09_25_zuof6.txt,6,5,1,1,4,JNK,PI3K|L|ERK|C-JUN
PMC2742090__cshperspect-GRA-a002014fig4.txt,4,4,3,0,1,,CT
PMC2742821__zbc0370985170010.txt,11,9,3,2,6,R|NF-KB,NSMASE|RAF-1|ERK|MKK3|IKKA|P38
PMC2743116__nihms112312f1.txt,0,0,0,0,0,,
PMC2743241__nihms-104435-f0001.txt,9,7,5,2,2,J|ERK1,L|DYRK1
PMC2743320__nihms135426f7.txt,0,0,0,0,0,,
PMC2743626__zmk0180991870006.txt,4,3,2,1,1,CA2,SGC
PMC2744356__nihms92593f1.txt,14,12,3,2,9,OR|IL-6,NEMO|L|RIP1|TRAF6|TRIF|AK1|IKK|H|IFN
PMC2744676__1478-811X-7-20-2.txt,0,0,0,0,0,,
PMC2745588__1471-2105-10-S8-S6-3.txt,1,1,1,0,0,,
PMC2746254__nihms141503f1.txt,6,2,1,4,1,R|J|RG|CELL,P
PMC2746679__nihms110736f3.txt,7,5,2,2,3,R|CELL,L|AMPK|S
PMC2749257__nihms-139826-f0001.txt,3,3,1,0,2,,MEK|ERK
PMC2752049__nihms-96112-f0001.txt,0,0,0,0,0,,
PMC2752654__nihms-117176-f0001.txt,2,1,0,1,1,J,PH
PMC2753670__nihms122747f3.txt,13,8,2,5,6,LI|E|K2|IL-10|R,TOR|AM|Y|ON|DAP12|IFN
PMC2754063__nihms125511f8.txt,2,2,1,0,1,,P
PMC2754635__pp1510669f07.txt,3,3,0,0,3,,L|H|Y
PMC2754637__pp1510782f07.txt,5,3,0,2,3,TCS|J,OF|L|RO
PMC2755566__nihms-119602-f0008.txt,7,6,2,1,4,A6,PTHRP|SI|BCL-2|C-MYC
PMC2755866__zbc0360984750009.txt,0,0,0,0,0,,
PMC2757173__zbc0400987980006.txt,0,0,0,0,0,,
PMC2757291__nihms35067f6.txt,10,7,3,3,4,E|II|R,SAP|T-BET|CD1|L
PMC2757549__carcinbgp202f06_lw.txt,7,5,3,2,2,R|J,ER|ERA
PMC2757945__nihms77489f9.txt,4,4,3,0,1,,CD
PMC2758284__grsb-2009-021f5.txt,6,5,2,1,3,E,P|PKC|L
PMC2758290__nihms137649f2a.txt,7,4,1,3,3,FIG|CELL|DO,B|NOT|OF
PMC2758611__nihms149166f6.txt,11,9,5,2,4,CELL|MICE,TR|AK|L|P
PMC2758619__nihms-135664-f0004.txt,11,7,4,4,3,R|RC|LI2|J,P|B|PAI
PMC2758746__2320fig2.txt,8,4,0,4,4,DIC|R|E|J,FI|L|X|TYPE
PMC2758746__2320fig6.txt,2,1,0,1,1,J,B
PMC2759143__grsb-2007-217f1.txt,3,2,1,1,1,E,ND
PMC2759143__grsb-2007-217f2.txt,0,0,0,0,0,,
PMC2759143__grsb-2007-217f3.txt,2,0,0,2,0,E|TUBE,
PMC2759504__pone.0007489.g010.txt,1,1,0,0,1,,OF
PMC2761106__DEV036335F8.txt,10,7,2,3,5,JNK|J|R,TAK1|SMAD1|CD|C-JUN|CO
PMC2761108__DEV038133F8.txt,9,9,8,0,1,,OF
PMC2762706__nihms129225f3.txt,5,2,1,3,1,IA|J|GLUT4,AN
PMC2763551__nihms-110166-f0003.txt,6,4,1,2,3,U|MIN,B|L|CT
PMC2763551__nihms-110166-f0006.txt,2,2,0,0,2,,B|S
PMC2763556__nihms124335f7.txt,13,8,2,5,6,II|AG|R|J|CELL,TYPE|S|L|B|OF|IN
PMC2764313__nihms140690f1.txt,7,6,3,1,3,P27,B|L|XO
PMC2764916__zpq9990997160001.txt,0,0,0,0,0,,
PMC2766052__ppat.1000650.g008.txt,4,3,2,1,1,J,TYPE
PMC2766659__nihms-101752-f0004.txt,2,1,0,1,1,PROL,OF
PMC2766677__zh89990943220007.txt,5,2,0,3,2,MT|LSP1|CELL,PYK2|L
PMC2766768__toxscikfp150f10_lw.txt,3,2,1,1,1,IGFALS,GH
PMC2766837__pone.0007728.g007.txt,6,5,3,1,2,GHRELIN,B|L
PMC2766869__nihms141387f3.txt,2,1,0,1,1,R,FE
PMC2766922__nihms-136169-f0002.txt,0,0,0,0,0,,
PMC2768398__toxscikfn221f06_3c.txt,17,12,1,5,11,II|C4|R|E|J,S|IN|L|CD|BAI|SW|FI|P|KIN|CO|ND
PMC2768835__JCB_200905118_RGB_Fig7.txt,0,0,0,0,0,,
PMC2768917__tpc2102542f01.txt,3,2,1,1,1,DET1,CD
PMC2769052__zmo0100959690009.txt,4,4,2,0,2,,L|OF
PMC2769160__ijms-10-03793f3.txt,7,5,2,2,3,R|U,P|SC|L
PMC2770888__nihms99057f2.txt,0,0,0,0,0,,
PMC2771222__nihms112832f1.txt,2,2,1,0,1,,GL
PMC2771431__nihms119374f4.txt,11,9,3,2,6,HR|J,OF|P|PROX1|Y|HNF1|FI
PMC2771724__nihms45325f3.txt,5,4,1,1,3,PPP1R3,B|P|PL
PMC2772411__zek0110934250005.txt,0,0,0,0,0,,
PMC2772972__emm-41-695-g007.txt,4,3,0,1,3,INI,L|OF|SI
PMC2772978__emm-41-757-g006.txt,4,4,2,0,2,,DAG|PKC
PMC2773007__pone.0007841.g008.txt,4,3,1,1,2,E,TRA|L
PMC2773638__cshperspect-SYM-001644_F4.txt,3,2,0,1,2,E,Y|L
PMC2773643__cshperspect-JCT-002949_F1.txt,1,1,1,0,0,,
PMC2773873__WJG-14-6786-g002.txt,9,4,1,5,3,R|J|CA|NTCP|CA2,CAM|PDK2|PKB
PMC2773873__WJG-14-6786-g004.txt,10,7,1,3,6,CA2|J|ERK1,Y|CAM|S|L|MEK|ERK2
PMC2773873__WJG-14-6786-g005.txt,4,3,0,1,3,AQP8,PKC|P1|Y
PMC2774304__1742-2094-6-30-9.txt,0,0,0,0,0,,
PMC2775047__nihms44974f1.txt,3,3,0,0,3,,PL|FP|L
PMC2775047__nihms44974f4.txt,8,4,2,4,2,LI|CA2|J|II,P|OF
PMC2775826__gr4.txt,6,3,1,3,2,AII|ROD|CA2,B|Z
PMC2776288__ajtr0001-0001-f2.txt,1,1,0,0,1,,RAD
PMC2776330__CIN-03-379-g001.txt,0,0,0,0,0,,
PMC2776706__nihms-146568-f0001.txt,5,2,0,3,2,R|J|E,B|L
PMC2776707__nihms134503f7.txt,0,0,0,0,0,,
PMC2776759__nihms-156819-f0004.txt,10,5,2,5,3,J|CELL|CA2|E|CAL,IP|P|PKC
PMC2776832__pbio.1000253.g006.txt,8,3,2,5,1,PEP|CELL|R|SIMPLE|U,B
PMC2776985__pcbi.1000591.g002.txt,13,10,3,3,7,E|U|FA,IN|S|ON|TN|CT|X|Z
PMC2777340__jbt0050900230004.txt,0,0,0,0,0,,
PMC2777987__nihms144235f6.txt,8,6,1,2,5,J|JN,L|IN|S|PKC|PI3K
PMC2778150__AJRCCM1808731S1.txt,5,5,2,0,3,,ROS|FPP|L
PMC2778196__nihms150535f7.txt,10,8,3,2,5,CA2|J,IP2|SLP76|DAG|CO|L
PMC2778586__12079_2009_66_Fig1_HTML.txt,5,5,3,0,2,,IN|PKB
PMC2778684__18_2008_Article_8042_Fig1.txt,1,0,0,1,0,CELL,
PMC2778955__pone.0008079.g010.txt,8,7,2,1,5,MAVS,L|IKBA|IKKA|P|A20
PMC2779086__msb200972-f1.txt,4,3,1,1,2,FOR,S|OF
PMC2779086__msb200972-f8.txt,7,6,3,1,3,U,L|H|B
PMC2779448__pone.0008040.g007.txt,3,2,1,1,1,RED,Y
PMC2780819__CCR-4-179_F1.txt,9,6,1,3,5,II|IL-6|CELL,ANG|Y|GP130|P300|CBP
PMC2780819__CCR-4-179_F3.txt,4,2,0,2,2,IL-6|LEUS,RO|NUC
PMC2781077__tlo0204_0258_fig006.txt,5,4,1,1,3,CELL,PI3K|PKC|L
PMC2781329__zh20110956230004.txt,0,0,0,0,0,,
PMC2781983__zbc0350984580003.txt,8,8,2,0,6,,PI3K|P21|PI|P3|L|PKB
PMC2782488__nihms-107421-f0001.txt,4,3,2,1,1,ST,AT3
PMC2782488__nihms-107421-f0003.txt,8,5,2,3,3,IL10R|IL-6|R,Y|AIR|X
PMC2782733__nihms103661f2.txt,2,2,1,0,1,,IGFR
PMC2783518__nihms80646f1.txt,4,4,1,0,3,,X|C-JUN|C-MYC
PMC2783549__nihms146079f2.txt,2,2,1,0,1,,IN
PMC2783837__nihms-152920-f0002.txt,0,0,0,0,0,,
PMC2783859__nihms140228f3a.txt,3,3,1,0,2,,AOM|NOT
PMC2783976__nihms-130658-f0010.txt,1,0,0,1,0,CELL,
PMC2784807__1471-2164-10-542-2.txt,0,0,0,0,0,,
PMC2784807__1471-2164-10-542-4.txt,0,0,0,0,0,,
PMC2785619__zbc0420989230002.txt,0,0,0,0,0,,
PMC2786169__nihms-159644-f0004.txt,3,2,1,1,1,BCR,L
PMC2786213__nihms133142f12.txt,2,1,0,1,1,R,DDR1
PMC2787275__ar2791-3.txt,0,0,0,0,0,,
PMC2787811__nihms154360f2.txt,3,3,0,0,3,,TYPE|MIR|DICER
PMC2787898__nihms151957f1.txt,1,0,0,1,0,NE,
PMC2787930__12307_2009_30_Fig8_HTML.txt,4,3,2,1,1,R,L
PMC2788953__nihms-100386-f0004.txt,5,5,0,0,5,,L|S|IN|TYPE|OF
PMC2789116__nihms113201f3.txt,21,14,6,7,8,NM|M1|II|R|LIG|E|J,B|OF|IN|GREMLIN|SMAD1|SIP1|TYPE|L
PMC2789488__nihms-135694-f0003.txt,8,7,5,1,2,J,PI3K|L
PMC2790539__nihms-149936-f0001.txt,0,0,0,0,0,,
PMC2790753__jnn0001-0240-f01.txt,33,27,16,6,11,R|J|NA|E|J2|EXOC7,S|TR|NFKBI|SIS|PR|L|EP|Y|IP|AC|B
PMC2793058__zh00120961140010.txt,0,0,0,0,0,,
PMC2793289__zmk0240992820006.txt,0,0,0,0,0,,
PMC2794543__pone.0008509.g008.txt,7,5,1,2,4,T1|R,B|X|SREBP-1C|MYOD
PMC2794709__JCS053678F2.txt,0,0,0,0,0,,
PMC2795491__zpq9990901380006.txt,1,0,0,1,0,R,
PMC2795724__pone.c9e68857-cd7e-4b1c-9765-04f66d8237d0.g001.txt,5,5,0,0,5,,X|WR|P|L|STE
PMC2797269__zbc0500995790007.txt,5,3,2,2,1,OS|II,MEK
PMC2797767__1476-4598-8-117-3.txt,0,0,0,0,0,,
PMC2798675__JCI37964.f9.txt,13,12,7,1,5,U,S|B|P63|PI3K|P
PMC2798676__JCI38012.f10.txt,11,9,0,2,9,CELL|E,ERK|KL|RN|AM|P|S|L|ENT|VEGF
PMC2798896__09_97_xiangf2.txt,15,11,10,4,1,CELL|R|J|TAKL,S
PMC2799352__pp1520133f09.txt,1,0,0,1,0,RAB18,
PMC2800199__nihms165903f1.txt,1,0,0,1,0,CELL,
PMC2801368__psb0410_0983_fig001.txt,1,0,0,1,0,R,
PMC2801866__nihms162154f4.txt,5,4,1,1,3,J,L|S|P
PMC2802896__zmg0011045730009.txt,1,0,0,1,0,J,
PMC2804830__bire-80-04-16-f09.txt,7,6,3,1,3,CELL,IN|OF|L
PMC2805009__nihms163580f1.txt,2,1,0,1,1,NF-KB,P
PMC2806014__aging-01-281-g001.txt,6,4,0,2,4,CA|J,AMPK|Y|TOR|P
PMC2806057__nihms111638f4.txt,11,9,6,2,3,16|E,P|B|ASC
PMC2806100__zh30011055600007.txt,4,3,1,1,2,PLOD,B|P53
PMC2806747__pnas.0912937107fig01.txt,0,0,0,0,0,,
PMC2807212__cb-2009-00249y_0001.txt,10,9,1,1,8,R,B|FAT|PL|L|RAL|RK|MEK|CO
PMC2807212__cb-2009-00249y_0002.txt,5,3,1,2,2,FURIN|TACE,CSL|Y
PMC2807212__cb-2009-00249y_0007.txt,5,3,2,2,1,J|GS1,B
PMC2807288__zbc0071003560007.txt,0,0,0,0,0,,
PMC2807333__zbc0051002020012.txt,0,0,0,0,0,,
PMC2807379__nihms166563f6.txt,6,6,4,0,2,,B|APE
PMC2807379__nihms166563f8.txt,0,0,0,0,0,,
PMC2807436__1752-0509-3-118-3.txt,0,0,0,0,0,,
PMC2808051__ijbsv06p0009g01.txt,4,1,1,3,0,OR|E|CELL,
PMC2808458__nihms-147724-f0001.txt,3,2,0,1,2,CELL,S|RIP1
PMC2808458__nihms-147724-f0002.txt,1,1,1,0,0,,
PMC2809802__nihms-162035-f0001.txt,4,2,0,2,2,II|NL,L|B
PMC2810260__nihms-169743-f0006.txt,0,0,0,0,0,,
PMC2810550__nihms165753f2.txt,0,0,0,0,0,,
PMC2810618__nihms-168399-f0008.txt,4,3,2,1,1,J,EMT
PMC2810629__nihms-134009-f0001.txt,5,5,1,0,4,,ERK|SNAIL|LAR|EMT
PMC2811493__nihms152036f5.txt,5,5,1,0,4,,IL-17A|B|IL-17|Y
PMC2812679__nihms-160238-f0011.txt,2,0,0,2,0,AG|J,
PMC2813230__1471-213X-9-74-4.txt,2,2,0,0,2,,Y|P12
PMC2813409__nihms150379f4.txt,10,7,2,3,5,E|MICE|CTL,B|LPS|OF|L|NU
PMC2814417__nihms169815f7.txt,11,6,1,5,5,P90RSK|FA|ERK1|E|HOP,B|P|L|MEK1|P21
PMC2814769__nihms168162f4.txt,4,4,3,0,1,,OF
PMC2814769__nihms168162f5.txt,11,8,4,3,4,J|PCP|E,L|H|IN|P
PMC2814867__pone.0009024.g007.txt,4,3,1,1,2,J,P|HER2
PMC2814921__nihms-160240-f0004.txt,11,4,1,7,3,U|J|II|PE|E|RG|GO,OF|B|LN
PMC2815016__nihms140466f4.txt,11,10,1,1,9,J,P|EIF2|L|ERK|PERK|P65|IKBA|P50|CXCL3
PMC2815088__nihms-136354-f0003.txt,2,0,0,2,0,UTP|E,
PMC2815088__nihms-136354-f0004.txt,7,5,3,2,2,R|RED,L|S
PMC2815562__zmb9991084670009.txt,1,0,0,1,0,J,
PMC2817017__95179.fig2.txt,11,5,1,6,4,R|HR|U|J|NFI|OR,MU|IF|H|L
PMC2817626__zee0021051760006.txt,2,1,1,1,0,L11,
PMC2818861__nihms-167495-f0001.txt,11,7,1,4,6,E|R|UNG|MT,LN|ER|L|B|R1|P
PMC2819049__nihms169163f3.txt,7,5,0,2,5,R|CELL,KU70|OF|POT1|TRF2|S
PMC2819343__nihms-173131-f0003.txt,2,1,0,1,1,II,IF
PMC2819435__psb0412_1117_fig001.txt,2,1,0,1,1,E,LT
PMC2820199__12263_2009_152_Fig4_HTML.txt,4,2,1,2,1,J|OR,L
PMC2820418__zmk0041093580012.txt,6,5,1,1,4,PIP5K,B|NOGO|LPA|OF
PMC2820430__zmk0041093560008.txt,3,2,1,1,1,CA,X
PMC2820725__nihms171073f4.txt,9,5,0,4,5,GSH|ITI|NF-KB|CELL,B|ROS|PTP|ON|AP-1
PMC2821978__nihms150136f3.txt,0,0,0,0,0,,
PMC2822470__nihms173999f8.txt,3,3,0,0,3,,PTK|AT1|PKC
PMC2822851__pone.0009256.g001.txt,5,4,0,1,4,RC,B|S|PTK|FAK
PMC2822851__pone.0009256.g002.txt,3,2,1,1,1,E,TYPE
PMC2823981__nihms167862f5.txt,4,3,0,1,3,RSK2,C-FOS|YB-1|CYC
PMC2824233__sgas44-462-f3.txt,5,3,0,2,3,J|R,H|IF|S
PMC2824373__pnas.0907907107fig06.txt,4,3,1,1,2,RU,L|CT
PMC2824644__nihms70483f7.txt,6,6,1,0,5,,NEMO|IKK|IKKA|P65|P50
PMC2825052__nihms-166476-f0003.txt,4,2,0,2,2,II|CELL,L|P
PMC2825570__nihms160203f1.txt,1,0,0,1,0,R,
PMC2825653__JBB2010-795385.005.txt,7,7,2,0,5,,PI3K|PL|P42|S|VEGF
PMC2826040__zjv9990930120004.txt,6,6,4,0,2,,Y|L
PMC2826040__zjv9990930120005.txt,15,10,5,5,5,CA2|U|J|R|PR1,X|L|GPCR|Y|PI3K
PMC2826191__nihms78785f2.txt,0,0,0,0,0,,
PMC2826372__pbio.1000313.g010.txt,10,5,1,5,4,R|PGRP|PGRPS|TAK|E,L|DF|DEF|S
PMC2826877__PPAR2009-818945.002.txt,6,4,3,2,1,SHE|J,MEK
PMC2827874__nihms-177952-f0004.txt,4,3,2,1,1,MD,LT
PMC282807__015685f7.txt,2,1,0,1,1,CTRL,GA
PMC2828612__nihms-178826-f0001.txt,10,8,4,2,4,J|PARKIN,TRKB|UPS|OF|IN
PMC2829096__intimmdxp128f02_4c.txt,8,4,2,4,2,E|SD|PE|J,B|L
PMC2830121__zpg0010922590005.txt,0,0,0,0,0,,
PMC2830483__pone.0009494.g007.txt,1,0,0,1,0,CELL,
PMC2831143__nihms171876f2.txt,11,9,1,2,8,R|OPT,B|SI|X|S|TOR|A3|L|DIF
PMC2831168__nihms163781f1.txt,5,5,0,0,5,,L|P|CI|S|RON
PMC2832169__gr6.txt,2,1,1,1,0,J,
PMC2832945__zbc0141009460007.txt,3,2,2,1,0,CELL,
PMC2833197__pone.0009575.g007.txt,10,7,3,3,4,E|SS|J,S|L|IRE1|PERK
PMC2833214__nihms157116f2.txt,2,2,0,0,2,,A2|L
PMC2834552__asn0021042730011.txt,3,3,2,0,1,,ON
PMC2834553__asn0021042760012.txt,4,1,0,3,1,GFR|R|II,L
PMC2834616__1752-0509-4-10-4.txt,0,0,0,0,0,,
PMC2834833__nihms153308f3.txt,4,3,1,1,2,R,AMPK|AS
PMC2835321__DEV038711F5.txt,0,0,0,0,0,,
PMC2835958__psb0501_0053_fig002.txt,2,1,0,1,1,ARRS,L
PMC283607__pq2336152006.txt,5,4,2,1,2,CELL,NT3|MI
PMC2837985__zek9990934960009.txt,0,0,0,0,0,,
PMC2838237__nihms-174338-f0001.txt,6,5,2,1,3,E,CARP|P|PP1
PMC2838377__nihms150685f1.txt,0,0,0,0,0,,
PMC2838378__nihms180949f1.txt,2,2,0,0,2,,OF|S
PMC2838407__tx-2009-003193_0002.txt,8,4,0,4,4,PHOSPHO|JNK|J|CELL,HO|ASK1|L|P38
PMC2840099__pnas.1000300107fig07.txt,0,0,0,0,0,,
PMC2840158__pnas.0913860107fig06.txt,1,1,0,0,1,,P
PMC2841156__1475-2867-10-3-7.txt,9,6,1,3,5,J|R|NL,S|B|L|NOT|Y
PMC2841319__nihms184270f1.txt,7,7,3,0,4,,H|ON|P|ICAM
PMC2841699__nihms176202f8.txt,5,3,0,2,3,LPC|MANA,LPA|VEGF|LPA1
PMC2842040__pnas.0906384107fig05.txt,9,5,1,4,4,NRCAM|CELL|SAPK1|IPP,GAS|OF|AGRIN|Y
PMC2842525__WJG-16-1337-g002.txt,5,4,2,1,2,R,Z|JAKL
PMC2842969__MI2009-698769.005.txt,2,1,1,1,0,J,
PMC2843003__nihms-167001-f0003.txt,1,0,0,1,0,R,
PMC2843172__zbc0151009850008.txt,3,2,0,1,2,TAK,CB1|PI3K
PMC2843459__zjh0041085130011.txt,5,3,2,2,1,NF-KB|IL-6,PI3K
PMC2844640__nihms-183419-f0001.txt,3,1,0,2,1,CELL|J,P21
PMC2844640__nihms-183419-f0003.txt,1,1,0,0,1,,L
PMC28451__pq2572499007.txt,1,0,0,1,0,LIGHT,
PMC2845642__nihms186801f3.txt,3,2,0,1,2,E,X|L
PMC2846156__zpg0020922640003.txt,0,0,0,0,0,,
PMC2846172__nihms160559f5.txt,3,1,0,2,1,E|J,CD
PMC2847371__nihms168983f1.txt,5,4,2,1,2,R,DELTA|S2
PMC2847468__DEV045971F6.txt,1,1,0,0,1,,EP4
PMC2848118__JCS056176F9.txt,4,2,1,2,1,KSRP|R,ON
PMC2848195__1752-0509-4-20-1.txt,1,1,1,0,0,,
PMC2848195__1752-0509-4-20-3.txt,0,0,0,0,0,,
PMC2854204__nihms160856f2.txt,6,4,0,2,4,DEPTOR|R,B|PRAS40|TOR|L
PMC2855089__MI2010-823821.002.txt,7,4,1,3,3,J|II|LIS,NIK|IKKA|IKK
PMC2855202__nihms-155216-f0003.txt,3,2,0,1,2,TES,YT|TS
PMC2856263__zbc0171011300006.txt,3,2,1,1,1,NF-KB,L
PMC2856666__nihms103715f4.txt,12,7,0,5,7,J|E|U|KCS1|VIP1,B|X|PTC3|SI|S|L|PLC1
PMC2856826__WJG-15-1859-g005.txt,4,4,1,0,3,,SLP|PI3K|ERK
PMC2857176__cshperspect-PFT-001032_F3.txt,0,0,0,0,0,,
PMC2857326__ukmss-4266-f0007.txt,10,7,2,3,5,BCR|BIM|SIK,C-FLIP|FR|MCL-1|APAF-1|BAK
PMC2857646__nihms191420f1.txt,0,0,0,0,0,,
PMC2857923__nihms169178f5.txt,0,0,0,0,0,,
PMC2858442__msb20106-f3.txt,3,1,0,2,1,LI|II,L
PMC2858875__nihms185641f3.txt,5,3,0,2,3,NM|16,B|Y|MCP
PMC2859534__zbc0201014560007.txt,13,8,4,5,4,PEP|E|NA|J|LP,L|IP|P|PKC
PMC2859609__1128-2460.27.025.fig1.txt,2,1,0,1,1,DOK-7,S
PMC2860273__nihms170797f1.txt,5,4,1,1,3,E,OF|HIF-1|H
PMC2860309__nihms191392f1.txt,4,2,1,2,1,SOSTDC1|MADCAM1,L
PMC2860937__JCI43030.f1.txt,2,1,0,1,1,CELL,S
PMC2861899__nihms183832f7.txt,8,8,1,0,7,,ERK2|L|PKC|MEKK1|MEK3|P38|RK
PMC2861953__fig-2.txt,11,9,6,2,3,U|E,SRA|PKC|L
PMC2862093__nihms191985f6.txt,0,0,0,0,0,,
PMC2862420__pp153601F02_RGB.txt,0,0,0,0,0,,
PMC2862916__10162_2009_205_Fig8_HTML.txt,7,4,1,3,3,II|R|CELL,IN|L|SUP
PMC2862933__nem184f3.txt,9,5,2,4,3,E|R|J|MA,P|L|Y
PMC2863215__zbc0231016410002.txt,0,0,0,0,0,,
PMC2864782__nihms197972f1.txt,9,6,1,3,5,R|J|CA,IN|OF|P|PKC|DAG
PMC2864807__09_173_.de_ref2.txt,4,4,2,0,2,,PPAR|L
PMC2865148__nihms195527f1.txt,3,1,0,2,1,J|R,L
PMC2865574__nihms168601f3.txt,5,4,2,1,2,R,OCT4|SURVIVIN
PMC2866141__nihms192885f4.txt,2,2,0,0,2,,GM-CSF|TL1
PMC2867239__nihms-199205-f0002.txt,4,4,3,0,1,,B
PMC2868430__z7g9990902990004.txt,3,0,0,3,0,PAL|PAIS|PACE,
PMC2869087__nihms201649f1.txt,0,0,0,0,0,,
PMC2869094__nihms180614f1.txt,1,1,0,0,1,,P
PMC2869339__1710-1492-4-1-37-9.txt,3,1,0,2,1,R|IGH,H
PMC2869518__cshperspect-IMS-002485_F3.txt,7,6,1,1,5,J,L|OT|P38|MEK|ERK
PMC2869521__cshperspect-NFK-000109_F1.txt,5,4,2,1,2,BCR,B|OF
PMC2871634__gnl-1-101-g004.txt,4,4,2,0,2,,L|CER
PMC2872116__nihms193429f2.txt,0,0,0,0,0,,
PMC2872116__nihms193429f4.txt,0,0,0,0,0,,
PMC2872207__fig-3.txt,7,4,3,3,1,IL-6|ERIC|SHP2,CT-1
PMC2872207__fig-4.txt,6,5,3,1,2,J,P|L
PMC2872423__pnas.0910060107fig07.txt,11,8,3,3,5,E|T1|R,H|AC|Y|S|L
PMC2872667__pone.0010692.g002.txt,1,0,0,1,0,E,
PMC2872881__gb-2010-11-2-r21-1.txt,0,0,0,0,0,,
PMC2872883__gb-2010-11-2-r23-1.txt,1,1,0,0,1,,B
PMC2873319__1752-0509-4-50-6.txt,13,7,3,6,4,II|U|R|J|UL|LA,B|PI|S|P
PMC2873688__nihms201344f1.txt,4,2,0,2,2,R|NS,OF|S
PMC2873688__nihms201344f3.txt,6,5,0,1,5,R,TYPE|L|B|S|P
PMC2873688__nihms201344f4.txt,2,1,0,1,1,J,OF
PMC2873859__nihms165015f5.txt,4,2,0,2,2,GAL|CELL,SLT|Y
PMC2875095__zh89991052540001.txt,0,0,0,0,0,,
PMC2875624__ar2896-1.txt,2,2,1,0,1,,L
PMC2875818__zee0061053620008.txt,0,0,0,0,0,,
PMC2876247__MI2010-367838.002.txt,5,3,2,2,1,NF-KB|JNK,L
PMC2877705__pone.0010859.g007.txt,5,5,3,0,2,,PI3K|L
PMC2878172__ijbsv06p0268g01.txt,5,3,3,2,0,R|J,
PMC2878172__ijbsv06p0268g02.txt,0,0,0,0,0,,
PMC2878296__1747-1028-5-13-2.txt,2,1,1,1,0,L1,
PMC2878570__zbc0261019240001.txt,5,3,1,2,2,PAL|MIN,B|H
PMC2880953__nihms195329f1.txt,7,4,2,3,2,STRA6|RDHS|CYP26,RAL|L
PMC2881135__GEN1852537f4.txt,2,2,0,0,2,,EFE|SMA
PMC2881284__psb0503_0300_fig001.txt,1,1,0,0,1,,CRN
PMC2881512__aging-02-238-g001.txt,2,1,0,1,1,II,P
PMC2881761__zbc0261018540008.txt,0,0,0,0,0,,
PMC2882367__pone.0011014.g009.txt,8,4,1,4,3,J|L1|R|CELL,CO|P|ON
PMC2883292__nihms205988f2.txt,0,0,0,0,0,,
PMC2883312__nihms-191662-f0005.txt,7,4,1,3,3,FOR|FAST|E,CRF1|P|H
PMC2883790__nihms183051f2.txt,12,11,6,1,5,CELL,P|S|HC|P110|PKC
PMC2884124__psb0502_0160_fig001.txt,0,0,0,0,0,,
PMC2884164__1755-8794-3-13-10.txt,5,4,1,1,3,J,Y|Z|S
PMC2884164__1755-8794-3-13-13.txt,2,1,0,1,1,R,B
PMC2884164__1755-8794-3-13-4.txt,0,0,0,0,0,,
PMC2884164__1755-8794-3-13-8.txt,0,0,0,0,0,,
PMC2884164__1755-8794-3-13-9.txt,2,0,0,2,0,E|OR,
PMC2885101__ijms-11-02188f2.txt,7,5,1,2,4,NE|E,L|NOT|CT|ACT
PMC2885137__nihms203801f4.txt,1,1,0,0,1,,Y
PMC2885580__nihms-193346-f0009.txt,1,0,0,1,0,R,
PMC2885591__nihms208471f2.txt,0,0,0,0,0,,
PMC2885864__eplasty10e42_fig1.txt,4,4,0,0,4,,SGC|PDE|L|GMP
PMC2886156__nihms195114f3.txt,8,5,2,3,3,LI|J|E,B|S|L
PMC2886325__ott-2-135f3.txt,0,0,0,0,0,,
PMC2886346__JCB_200912082_RGB_Fig10.txt,7,6,3,1,3,CNK1,ERK2|END|IN
PMC2886346__JCB_200912082_RGB_Fig2.txt,40,31,13,9,18,IP5K|HS|E|PIP|MA|ACG|R|MCT|INPP4B,B|P|Y|H|IP|REG|M8|PIM1|AR1|PN|ARAF1|AF|L|LT|SYNJ|S|PIK4CA|PIP5K2C
PMC2888385__zbc0291022120006.txt,0,0,0,0,0,,
PMC2888472__nihms207791f2.txt,0,0,0,0,0,,
PMC2888582__pone.0011240.g006.txt,3,3,1,0,2,,Y|P
PMC2888582__pone.0011240.g007.txt,0,0,0,0,0,,
PMC2888641__nihms196795f2.txt,4,3,1,1,2,NE,B|VEGF
PMC2888641__nihms196795f3.txt,1,0,0,1,0,CD138,
PMC2888945__nihms136601f3.txt,16,9,1,7,8,E|CA|R|RTR|DO|U|J,L|B|Y|LT|X|H|AO|A3
PMC2889938__1471-2105-11-308-4.txt,3,2,0,1,2,R,H|L
PMC2889938__1471-2105-11-308-5.txt,0,0,0,0,0,,
PMC2890228__nihms37993f1.txt,1,1,0,0,1,,Y
PMC2890293__nihms-213082-f0001.txt,2,1,0,1,1,ADP,MCP
PMC2890502__1752-0509-4-72-4.txt,1,1,1,0,0,,
PMC2890584__pone.0011278.g002.txt,6,3,1,3,2,HINT1|HI|T1,IP|NNOS
PMC2890584__pone.0011278.g006.txt,9,6,2,3,4,HINT1|J|CA,P3|P|NNOS|AM
PMC2891025__nihms-198850-f0006.txt,0,0,0,0,0,,
PMC2891200__nihms108036f3.txt,5,4,1,1,3,J,RO|L|SLI
PMC2891218__nihms168087f7.txt,14,9,2,5,7,OP|CA|AE|NM|J,DL|CT|CB1|L|ACS|Y|RL
PMC2891586__pcbi.1000807.g003.txt,44,40,32,4,8,HA|TACE|J|CELL,S|L|PS|SRI|Y|PI|OF|B
PMC2891859__nihms167873f1.txt,10,9,4,1,5,CA2,DAG|ERK|NADE|PKC|MEK
PMC2891946__nihms182803f7.txt,1,1,0,0,1,,L
PMC2893682__zjh0071086730007.txt,1,1,0,0,1,,L
PMC2893887__nihms197252f7.txt,8,4,1,4,3,E|R|NS|CELL,PI3K|PI|P
PMC2893997__zmk0131094950007.txt,0,0,0,0,0,,
PMC2894844__1471-2202-11-74-7.txt,1,1,0,0,1,,L
PMC2895421__nihms-212355-f0002.txt,0,0,0,0,0,,
PMC2895628__1471-2164-11-320-5.txt,0,0,0,0,0,,
PMC2896660__JBB2010-236528.002.txt,3,3,0,0,3,,P|PP|S
PMC2897908__nihms-209662-f0002.txt,0,0,0,0,0,,
PMC2897923__nihms188775f1.txt,0,0,0,0,0,,
PMC2897923__nihms188775f2.txt,2,1,1,1,0,JNK,
PMC2899674__nihms-209954-f0001.txt,9,7,2,2,5,R|SOX18,VEGFR2|NRP|COUP-TFII|L|PROX1
PMC2899688__nihms214620f9.txt,10,6,0,4,6,J|R|SS|R2,S|L|PKC|B|SA|RS
PMC2899694__nihms213803f1.txt,3,2,1,1,1,AOP,L
PMC2899694__nihms213803f6.txt,0,0,0,0,0,,
PMC2900623__cam0402_0255_fig003.txt,7,5,1,2,4,VIII|II,P|PTK|NOT|S
PMC2901141__ddq20807.txt,6,5,2,1,3,II,A1|C1|A2
PMC2901320__1471-2164-11-388-5.txt,4,3,2,1,1,J,Z
PMC2901811__org0602_0076_fig004.txt,0,0,0,0,0,,
PMC2901811__org0602_0076_fig006.txt,9,5,1,4,4,E|OR|J|CELL,L|DL|H|WARTS
PMC2902748__JO2010-412985.001.txt,4,2,0,2,2,E|U,H|L
PMC2902905__mplantssn069f01_4c.txt,6,2,0,4,2,RC|GNL1|E|TC,ES1|TGN
PMC2904107__zh30071056830012.txt,2,1,0,1,1,PYY,EPI
PMC2904940__1496fig7.txt,11,8,1,3,7,II|U|CNK1,FI|B|CHK|LN|L|IN|ERK
PMC2905036__nihms-183350-f0002.txt,4,3,1,1,2,TMPRSS6,HJV|SMAD1
PMC2905467__nihms191589f2.txt,6,5,4,1,1,CA,ASM
PMC2905627__nihms217549f7.txt,3,3,2,0,1,,C-FOS
PMC2905744__nihms220184f3.txt,6,3,0,3,3,J|NF-KB|CELL,PI3K|L|Y
PMC2906687__nihms-190496-f0002.txt,7,4,3,3,1,R|CA2|J,PKG
PMC2907396__pone.0011671.g003.txt,6,4,1,2,3,TNL|OR,OT|X|L
PMC2908610__1475-2867-10-22-1.txt,3,2,1,1,1,CELL,LN
PMC2908618__pone.0011716.g007.txt,0,0,0,0,0,,
PMC2909145__pone.0011568.g001.txt,1,1,0,0,1,,X
PMC2909662__nihms219568f1.txt,0,0,0,0,0,,
PMC2910246__nihms-208519-f0008.txt,3,2,0,1,2,MT,L|ROS
PMC2910980__PC.073874.wc.f12.txt,4,2,0,2,2,R|OR,OF|B
PMC2911501__nihms194310f2.txt,11,8,6,3,2,J|U|E3,NES|IN
PMC2912031__mvq043f4.txt,3,2,2,1,0,J,
PMC2912204__JCI44026.f1.txt,4,1,1,3,0,CELL|PIP|J,
PMC2912210__nihms216665f1.txt,2,1,0,1,1,CELL,OF
PMC2912609__nihms194918f2.txt,10,8,4,2,4,R|J,VEGF|VEGFR|MIG|TSG
PMC2913337__zjh0081087040002.txt,0,0,0,0,0,,
PMC2913371__zjh0081086850008.txt,1,0,0,1,0,OS,
PMC2913378__zjh0081087330003.txt,2,2,1,0,1,,L
PMC2913455__zh89991052990007.txt,0,0,0,0,0,,
PMC2913631__PPAR2010-341671.003.txt,0,0,0,0,0,,
PMC2913769__zpt0081090420009.txt,9,7,3,2,4,E2|E,B|ERA|ER|BCRP
PMC2917029__bcr2588-8.txt,4,3,1,1,2,J,P4|X
PMC2917731__iaa0152-0101-f01.txt,0,0,0,0,0,,
PMC2918404__nihms215799f8.txt,9,6,4,3,2,R|CELL|ECM,L|FU
PMC2919000__zjv999093535008a.txt,13,11,3,2,8,OASL|L1,B|OAS|AK|PKR|FI|L|IFN|RL
PMC2919048__pone.0012016.g007.txt,12,7,2,5,5,U|R|E|ALL|CELL,TGFBETA|X|IN|P|NOT
PMC2919057__nihms212787f9.txt,5,4,1,1,3,J,L|DPI|OF
PMC2919275__nihms212450f2.txt,4,2,1,2,1,CELL|IL-2,BCL-XL
PMC2919348__nihms223413f1.txt,14,9,0,5,9,FAT4|E|SALVADOR|YAP|R,H|L|IN|WARTS|LATS|MOB|P73|OF|B
PMC2919351__nihms-221725-f0001.txt,8,4,2,4,2,E|J|FA|TP,GL|GPI
PMC2919366__nihms109428f4.txt,5,4,1,1,3,IL-6,P|MCP-1|TNFA
PMC2919655__nihms195420f3.txt,4,4,1,0,3,,IL-17|CD|S
PMC2921074__nihms25473f1.txt,5,2,2,3,0,OR|CELL|IL-6,
PMC2923187__pone.0012222.g008.txt,8,6,1,2,5,R|NS,B|HIP|DI|REG|LAR
PMC2923204__nihms216902f2.txt,18,13,4,5,9,CA|MT|R|ARC|HOMER,OF|B|AC|PI3K|ERK|TRKB|PSD-95|P|ER
PMC2923360__z380091079210008.txt,0,0,0,0,0,,
PMC2923586__nihms223756f1.txt,6,1,1,5,0,RANK|G2|G3|G4|G5,
PMC2923715__467_2009_1416_Fig5_HTML.txt,6,3,1,3,2,NPHP3|JNK|CELL,NPHP2|Y
PMC2923852__nihms-208591-f0001.txt,1,1,0,0,1,,X
PMC2923990__zbc0351027670007.txt,8,8,2,0,6,,LPS|CD|L|OF|IKBA|B
PMC2925626__zh89990943790003.txt,0,0,0,0,0,,
PMC2928279__pone.0012405.g002.txt,25,19,3,6,16,E|U71A|R|U|FOR|J,B|P|L|S|STM|L3|G-CSF|RN|SCF|S6|CO|Y|IL-27|X|MR|SC
PMC2928401__nihms223339f8.txt,2,0,0,2,0,SCA|U,
PMC2929604__GRP2010-537263.001.txt,2,1,0,1,1,DAMAGE,S
PMC2929951__pone.0012385.g008.txt,18,11,5,7,6,CELL|J|II|OS|NEFL|R|E,L|SC|OF|B|ALS|FAK
PMC2930606__nihms230262f1.txt,6,4,1,2,3,ERK1|CAL,MEK1|L|IP3R
PMC2930641__1748-7188-5-30-2.txt,0,0,0,0,0,,
PMC2930805__carcinbgq142f01_ht.txt,3,2,1,1,1,ST,L
PMC2930854__pone.0012486.g010.txt,8,3,0,5,3,CA|EPHA5|J|R|INE,CYC|PSD95|S
PMC2932543__fig-8.txt,11,7,1,4,6,R|HI|J|K3,S|Z|L|MEKK1|JNK1|X
PMC2932783__nihms218170f1.txt,11,5,3,6,2,J|RBJ|R|MANA|NF-KB|DAMAGE,ROS|L
PMC2932971__1893fig1.txt,4,3,1,1,2,IPP,B|L
PMC2933166__fig-4.txt,0,0,0,0,0,,
PMC2933269__nihms210942f1.txt,1,0,0,1,0,ACTIVIN,
PMC2933676__1423-0127-17-69-3.txt,13,10,4,3,6,NL|VR|U,P|DI|L|FE|MU|SI
PMC2933845__10555_2010_9238_Fig4_HTML.txt,7,3,1,4,2,S9|U|GE|J,S|L
PMC2934865__nihms222776f2.txt,4,4,2,0,2,,TRAF6|L
PMC2935318__nihms231869f6.txt,3,2,1,1,1,R,L
PMC2935335__fig-1.txt,2,2,1,0,1,,MEK
PMC2935335__fig-2.txt,3,2,2,1,0,METH,
PMC2935335__fig-3.txt,0,0,0,0,0,,
PMC2936618__pnas.1007909107fig05.txt,3,2,0,1,2,R,S|L
PMC2937009__nihms227825f2.txt,9,5,1,4,4,U|LI|R|CELL,ECE|MEK|P|ERK
PMC2937064__nihms218132f1.txt,21,14,6,7,8,NA|CDS|CD127|R|ST|J|BIM,L|AT3|CD27|GH|IGFR|FKHR|FKHRL1|FASL
PMC2937064__nihms218132f3.txt,8,5,2,3,3,OR|FOR|R,IN|OF|S
PMC2938013__nihms-224788-f0009.txt,1,1,1,0,0,,
PMC2938097__zjw0071036280004.txt,9,5,1,4,4,NE|PRM|R|MT,CT|L|LAR|NUC
PMC2938097__zjw0071036280006.txt,9,9,3,0,6,,TRAIL|CO|AP|H|FY|NPM
PMC2938100__zjw0071036350004.txt,0,0,0,0,0,,
PMC2938460__PPAR2010-417646.001.txt,7,5,2,2,3,J|APO,BCL-2|14-3-3|L
PMC2938833__fig-2.txt,2,2,0,0,2,,LAR|IN
PMC2939368__2068fig7.txt,9,4,0,5,4,E|CELL|R|FBS|J,L|ER|B|OAS
PMC2940266__nihms99348f2.txt,2,2,2,0,0,,
PMC2940477__zmg0091047000008.txt,2,2,2,0,0,,
PMC2940575__nop02201.txt,3,2,1,1,1,CELL,L
PMC2940738__pgen.1001125.g007.txt,2,0,0,2,0,II|E,
PMC2940771__1752-0509-4-119-1.txt,2,2,0,0,2,,TR|X
PMC2943488__nihms-230584-f0001.txt,0,0,0,0,0,,
PMC2943518__jin0002-0043-f07.txt,0,0,0,0,0,,
PMC2943975__nihms204193f1.txt,2,1,1,1,0,E,
PMC2944161__1471-213X-10-96-8.txt,0,0,0,0,0,,
PMC2944186__1476-4598-9-236-1.txt,0,0,0,0,0,,
PMC2944875__pone.0012949.g002.txt,9,3,1,6,2,R|LRMP|E|NM|J|II,B|L
PMC2945552__zbc0431033770011.txt,2,1,0,1,1,J,S
PMC2945784__gb-2010-11-8-r82-2.txt,0,0,0,0,0,,
PMC2945950__1752-0509-4-121-1.txt,0,0,0,0,0,,
PMC2945950__1752-0509-4-121-2.txt,3,1,0,2,1,U|J,P
PMC2945950__1752-0509-4-121-3.txt,0,0,0,0,0,,
PMC2945950__1752-0509-4-121-5.txt,0,0,0,0,0,,
PMC2945950__1752-0509-4-121-6.txt,0,0,0,0,0,,
PMC2945950__1752-0509-4-121-7.txt,0,0,0,0,0,,
PMC2945950__1752-0509-4-121-8.txt,0,0,0,0,0,,
PMC2945950__1752-0509-4-121-9.txt,0,0,0,0,0,,
PMC2946353__1471-2105-11-469-4.txt,3,1,0,2,1,R|J,L
PMC2946515__nihms165144f3.txt,0,0,0,0,0,,
PMC2946555__nihms-236013-f0002.txt,1,1,0,0,1,,L
PMC2946881__fig-1.txt,11,8,5,3,3,CELL|J|E,AP|IN|L
PMC2947266__gr10.txt,3,1,0,2,1,ERK1|D1,MEK1
PMC2947752__DEV050864F7.txt,8,4,1,4,3,LOR|FOR|CELL|E,L|E4|EPI
PMC2948618__nihms230881f3.txt,6,4,2,2,2,CN|J,L|B
PMC2949153__jcbfm2009214f7.txt,0,0,0,0,0,,
PMC2949268__nihms135390f3.txt,10,10,2,0,8,,B|GLP-1|Y|S|L|OF|LAG-2|CSL
PMC2949386__pone.0013131.g006.txt,2,1,0,1,1,J,S
PMC2949529__nihms206301f2.txt,4,2,1,2,1,GE|GLUT4,NES
PMC2949723__1744-8069-6-56-3.txt,0,0,0,0,0,,
PMC2951022__nihms235327f1.txt,2,1,0,1,1,E,L
PMC2951025__nihms85976f8.txt,4,3,1,1,2,CA2,GLT-1|SIS
PMC2951409__pnas.1001794107fig05.txt,7,5,1,2,4,TWEEK|WIT,H|PI|P2|WASP
PMC2952290__pmic0010-1316-f3.txt,5,4,0,1,4,J,ENT|AOC|S1|UP
PMC2952290__pmic0010-1316-f4.txt,0,0,0,0,0,,
PMC2952341__nihms-232190-f0001.txt,14,10,5,4,5,CELL|L1|DLK2|NF-KB,DL|L3|L4|ES1|Y
PMC2953617__nihms237584f2.txt,3,2,1,1,1,TUBE,OF
PMC2953964__nihms235590f1.txt,7,4,2,3,2,LIGHT|MRLC|II,L|H
PMC2954045__aging-02-527-g001.txt,3,2,1,1,1,J,FXR
PMC2954724__zee0111056530001.txt,7,5,0,2,5,SUN|LH,B|KIN|IN|ON|HO
PMC2955614__1476-4598-9-252-5.txt,0,0,0,0,0,,
PMC2955764__nihms-230789-f0001.txt,5,5,4,0,1,,P
PMC2955995__nihms-217025-f0002.txt,0,0,0,0,0,,
PMC2956057__109_2010_644_Fig2_HTML.txt,1,1,0,0,1,,L
PMC2956880__nihms239224f4.txt,0,0,0,0,0,,
PMC2957443__pone.0013500.g003.txt,0,0,0,0,0,,
PMC2958340__JO2011-941876.003.txt,0,0,0,0,0,,
PMC2958340__JO2011-941876.004.txt,0,0,0,0,0,,
PMC2958340__JO2011-941876.005.txt,0,0,0,0,0,,
PMC2958481__JCB_201004108_GS_Fig6.txt,0,0,0,0,0,,
PMC2958907__1752-0509-4-137-1.txt,13,6,2,7,4,U|E|BIM|J|DC|NS|R,LT|B|L|P
PMC2962609__nihms-242212-f0010.txt,5,3,1,2,2,R|CELL,RPE|PL
PMC2962631__pone.0013558.g004.txt,4,2,0,2,2,R|J,TS|L
PMC2963056__schbulsbp033f02_ht.txt,0,0,0,0,0,,
PMC2963142__MI2010-781235.001.txt,0,0,0,0,0,,
PMC2963150__nihms239332f5.txt,8,6,2,2,4,R|GLUT4,PEPCK|ENOS|L|PKCL
PMC2963311__nihms237509f8.txt,4,3,1,1,2,J,B|LN
PMC2963354__zbc0441035110007.txt,10,6,2,4,4,J|U|16|MIN,LPS|B|S|MTA1
PMC2963373__zbc0451035750006.txt,0,0,0,0,0,,
PMC2964935__nihms34081f4.txt,4,2,0,2,2,E|R,RO|S
PMC2964935__nihms34081f5.txt,5,4,2,1,2,PIP,NEM|P
PMC2965074__nihms-246024-f0003.txt,3,3,1,0,2,,NEMO|IKKA
PMC2965086__pone.0013543.g006.txt,0,0,0,0,0,,
PMC2966078__zbc0461036750006.txt,0,0,0,0,0,,
PMC2966480__fig-5.txt,0,0,0,0,0,,
PMC2966790__zjh0111088800010.txt,0,0,0,0,0,,
PMC2966904__951832.fig7.txt,0,0,0,0,0,,
PMC2967656__nihms231921f1.txt,10,6,3,4,3,NE|NS|R|STI,H|L|DAG
PMC2970559__pone.0015384.g007.txt,0,0,0,0,0,,
PMC2970638__nihms219609f8.txt,12,8,1,4,7,FA|CELL|U|OR,S|ON|OF|IN|CO|ET|L
PMC2972639__dvdy0239-2522-f2.txt,2,2,0,0,2,,LT|DI
PMC2972700__nihms243195f1.txt,4,2,0,2,2,JNK|CELL,A2|Y
PMC2974067__cib0305_0409_fig001.txt,1,1,1,0,0,,
PMC2974943__nihms213988f2.txt,5,3,1,2,2,BIG|R,PKC|Y
PMC2975164__zbc0481038360007.txt,0,0,0,0,0,,
PMC2975271__nihms-242741-f0009.txt,3,1,1,2,0,DAMAGE|CELL,
PMC2975372__nihms246517f5.txt,5,3,0,2,3,E|J,B|X|Y
PMC2975375__nihms246516f2.txt,6,4,1,2,3,MIN|E,B|S|GL
PMC2975607__nihms247753f1.txt,7,5,3,2,2,R|E,L|ERK
PMC2975945__nihms-240452-f0003.txt,1,0,0,1,0,J,
PMC2975945__nihms-240452-f0005.txt,3,2,1,1,1,R,BS
PMC2976807__nihms238183f6.txt,4,3,1,1,2,R,B|SC
PMC2980340__adt.2009.0198_fig_01.txt,7,5,0,2,5,ELF|E1C,P|L|B|H|AA
PMC2981059__carcinbgq188f06_4c.txt,11,8,3,3,5,E|R|CELL,PI3K|L|IKK|S|AA
PMC2981611__nihms-229692-f0001.txt,6,3,3,3,0,CA2|JNK|CELL,
PMC2982674__nihms250318f1.txt,8,6,1,2,5,ADP|OR,PL|ET|LT|FRA2|RS
PMC2982790__nihms247427f9.txt,7,4,2,3,2,ERK1|NF-KB|CELL,MEK|PI3K
PMC2984446__pone.0014027.g010.txt,10,5,2,5,3,DAMAGE|LI|E|REP|J,P|S|OF
PMC2987346__ejhg2009189f2.txt,2,1,1,1,0,CELL,
PMC2987401__nihms223381f1.txt,2,1,1,1,0,CA2,
PMC2987418__ejhg201062f2.txt,0,0,0,0,0,,
PMC2987418__ejhg201062f3.txt,0,0,0,0,0,,
PMC2988058__1471-2172-11-53-6.txt,0,0,0,0,0,,
PMC2988350__zbc0501039980008.txt,0,0,0,0,0,,
PMC2988492__nihms245484f4.txt,0,0,0,0,0,,
PMC2990205__DEV060483F7.txt,3,0,0,3,0,PF|R|U,
PMC2990476__nihms211358f3.txt,3,2,0,1,2,NG,Y|GPCR
PMC2990745__1752-0509-4-151-1.txt,0,0,0,0,0,,
PMC2991480__nihms226012f5.txt,6,5,2,1,3,CELL,OF|B|L
PMC2993470__zmo0121062480001.txt,0,0,0,0,0,,
PMC2994381__1423-0127-17-S1-S28-5.txt,4,2,0,2,2,JNK|TAUT,P53|C-JUN
PMC2994985__nihms246185f1.txt,1,0,0,1,0,II,
PMC2995894__nihms-204451-f0006.txt,12,9,4,3,5,R|OR|J,P|IF|L|ANG|ERK
PMC2996036__PP_161661_wc_f8.txt,0,0,0,0,0,,
PMC2996105__nihms253117f7.txt,0,0,0,0,0,,
PMC2996291__pone.0014180.g009.txt,1,1,0,0,1,,L
PMC2996331__pgen.1001231.g001.txt,1,1,0,0,1,,B
PMC2997007__1471-2164-11-513-6.txt,4,4,0,0,4,,B|BF|S|L
PMC2997573__nihms-158810-f0001.txt,6,3,0,3,3,NS|R|GEN,S|ER|ARO
PMC2997678__nihms-247584-f0007.txt,0,0,0,0,0,,
PMC2997801__halms482245f1.txt,3,1,0,2,1,NF-KB|CELL,TAP
PMC2998167__DEV055350F7.txt,4,3,0,1,3,J,SA|LDB|PLM
PMC2999296__WJH-2-295-g002.txt,0,0,0,0,0,,
PMC2999341__1471-2164-11-S3-S11-12.txt,0,0,0,0,0,,
PMC3000242__fig-1.txt,2,1,1,1,0,J,
PMC3000836__1745-7580-6-10-1.txt,0,0,0,0,0,,
PMC3000872__nihms192852f4.txt,8,5,1,3,4,E2|E3|LE,UBC9|H|KLF2|ENOS
PMC3002618__10.1177_1756285608100427-fig1.txt,6,6,3,0,3,,P35|P25|TAU
PMC3003620__1756-8722-3-45-1.txt,5,3,0,2,3,J|E,Y|AS|L
PMC3003706__nihms-250984-f0007.txt,0,0,0,0,0,,
PMC3003974__IJN2011-809378.003.txt,0,0,0,0,0,,
PMC3004666__cmr-1-079f1.txt,0,0,0,0,0,,
PMC3006139__pntd.0000924.g006.txt,0,0,0,0,0,,
PMC3006290__zh40121096060001.txt,0,0,0,0,0,,
PMC3006436__nihms231136f3.txt,9,7,3,2,4,TC|E,B|OCT4|L|TIH
PMC300841__JCI0009871.f1.txt,1,0,0,1,0,OR,
PMC3009741__pone.0015613.g003.txt,0,0,0,0,0,,
PMC3009900__zbc0051145420006.txt,0,0,0,0,0,,
PMC3009957__1750-2187-5-20-9.txt,5,5,2,0,3,,PI3K|L|OF
PMC3010279__nihms241833f8.txt,9,5,2,4,3,GIRK2|II|NS|CA,B|L|RO
PMC3010508__nihms-200185-f0009.txt,5,3,1,2,2,R|OR,P65|ON
PMC3012004__nihms259273f2.txt,6,5,3,1,2,E,R1|L
PMC3012164__zdb0011164200002.txt,3,1,1,2,0,R|LI,
PMC3012164__zdb0011164200003.txt,1,0,0,1,0,R,
PMC3012583__WJG-16-6111-g005.txt,0,0,0,0,0,,
PMC3013016__zbc0071146750008.txt,0,0,0,0,0,,
PMC3013243__nihms-246118-f0009.txt,12,10,2,2,8,IL-5|IL-6,LPS|IKK|MEK|ERK|L|GCSF|MCP|RANTES
PMC3013293__nihms-245494-f0008.txt,0,0,0,0,0,,
PMC3013804__gkq970f3.txt,0,0,0,0,0,,
PMC3014294__nihms238244f1.txt,3,2,0,1,2,ERK5,EP|C1
PMC3016855__nihms261074f8.txt,7,6,3,1,3,DECTIN-1,CAM|ROS|ERK
PMC3017505__nihms259372f1.txt,0,0,0,0,0,,
PMC3017908__JSC2011-541405.006.txt,0,0,0,0,0,,
PMC3018566__nihms247147f3.txt,1,0,0,1,0,J,
PMC3018616__CRP2011-175381.003.txt,0,0,0,0,0,,
PMC3021862__JO2011-946936.004.txt,0,0,0,0,0,,
PMC3022188__SRCM2011-756982.001.txt,0,0,0,0,0,,
PMC3022486__nihms261828f9.txt,8,7,1,1,6,16,Y4|ACT|A2|COX|IN|MED
PMC3023131__JEM_20092203_RGB_Fig7.txt,0,0,0,0,0,,
PMC3023525__zbc0061146680008.txt,0,0,0,0,0,,
PMC3023986__nihms-244092-f0002.txt,2,2,0,0,2,,B|L
PMC3026445__nihms254006f1.txt,0,0,0,0,0,,
PMC3026562__zh70011135550004.txt,0,0,0,0,0,,
PMC3026934__335_2010_9277_Fig2_HTML.txt,0,0,0,0,0,,
PMC3026990__PPAR2010-571783.005.txt,1,0,0,1,0,U,
PMC3028259__AJRCMB44199f8.txt,1,1,0,0,1,,L
PMC3028588__nihms260952f2.txt,0,0,0,0,0,,
PMC3028836__zii9990989920008.txt,0,0,0,0,0,,
PMC3029747__pnas.1018376108fig06.txt,1,1,0,0,1,,S
PMC3030591__pone.0016516.g004.txt,0,0,0,0,0,,
PMC3030591__pone.0016516.g007.txt,0,0,0,0,0,,
PMC3030666__nihms244872f2.txt,4,3,0,1,3,IL-6,B|IF|L
PMC3030928__nihms-245612-f0004.txt,4,4,2,0,2,,CEBP|ACVR2
PMC3032584__nihms265455f1.txt,6,4,0,2,4,R|J,TNFA|P38|L|C-FLIP
PMC3033390__pone.0016556.g007.txt,0,0,0,0,0,,
PMC303340__mb0140745008.txt,2,2,1,0,1,,NPR1
PMC3034644__nihms267921f2.txt,0,0,0,0,0,,
PMC3035094__DEV057729F6.txt,8,6,2,2,4,ST|CIC,Z|TLL|FR|B
PMC3035573__nihms186746f9.txt,7,4,1,3,3,ADP|P2Y12|E,PAR4|Y|L
PMC3035650__pone.0016653.g007.txt,0,0,0,0,0,,
PMC3035824__nihms266995f5.txt,3,2,1,1,1,U,GA
PMC3035994__nihms-254214-f0002.txt,1,1,0,0,1,,FAT
PMC3036164__nihms259428f8.txt,3,3,2,0,1,,L
PMC3038240__nihms-267702-f0008.txt,1,1,1,0,0,,
PMC3038716__pnas.1010643108fig02.txt,0,0,0,0,0,,
PMC3039708__nihms243353f2.txt,4,2,0,2,2,R|B7-H3,X|TLR-4
PMC3039836__cddis201037f7.txt,0,0,0,0,0,,
PMC3039931__cshperspect-IMS-002352_F2.txt,0,0,0,0,0,,
PMC304121__pq1934788001.txt,7,4,1,3,3,R|II|LA,L|PM|PL
PMC3041271__nihms270504f4.txt,4,3,1,1,2,U,B|P
PMC3042311__fig-8.txt,0,0,0,0,0,,
PMC3042531__nihms249589f3.txt,13,9,5,4,4,MANA|MT|JNK|IL-6,PERK|ER|TRIF|TRAM
PMC3042643__PRI2011-932932.001.txt,3,2,1,1,1,R,B
PMC3043057__pone.0016787.g006.txt,0,0,0,0,0,,
PMC3043160__nihms244054f4.txt,10,7,1,3,6,CA2|JNK|CELL,PC2|H2|H|PCL|L|S
PMC3043160__nihms244054f7.txt,4,4,1,0,3,,PC1|PC2|TUBERIN
PMC3043547__nihms-270242-f0001.txt,1,1,0,0,1,,P52
PMC3044050__zh40021196950006.txt,0,0,0,0,0,,
PMC3045367__pone.0016580.g001.txt,0,0,0,0,0,,
PMC3046919__nihms255077f7.txt,8,8,0,0,8,,TAK1|A20|L|ANP|FR|IKK|HC|MCP-1
PMC3047097__cbt1010_1056_fig006.txt,2,0,0,2,0,R|II,
PMC3047110__cbt1104_0410_fig006.txt,2,1,1,1,0,J,
PMC3047191__emm-43-101-g006.txt,0,0,0,0,0,,
PMC3047755__cc0919_4013_fig007.txt,0,0,0,0,0,,
PMC3047783__self0103_0192_fig011.txt,0,0,0,0,0,,
PMC3048679__zbc0151154480009.txt,0,0,0,0,0,,
PMC3048767__ja-2010-109979_0002.txt,2,0,0,2,0,J|E,
PMC3049820__nihms265966f5.txt,3,0,0,3,0,ERK1|CA|R,
PMC3049838__nihms254703f3.txt,9,7,4,2,3,CELL|E,IN|Y|WISP2
PMC3049961__nihms-266451-f0008.txt,1,0,0,1,0,GRLF1,
PMC3050667__DEV060046F7.txt,0,0,0,0,0,,
PMC3051174__JBB2011-523481.003.txt,0,0,0,0,0,,
PMC3051915__1471-213X-11-12-6.txt,1,1,0,0,1,,B
PMC3056141__18_2010_605_Fig1_HTML.txt,2,2,0,0,2,,P|ASC
PMC3056154__nihms276493f1.txt,7,3,0,4,3,E|R|SAH|II,L|PH|P
PMC3057579__ECAM2011-750230.009.txt,0,0,0,0,0,,
PMC3058120__nihms257215f1.txt,4,2,0,2,2,II|TP,L|ER
PMC3058300__nihms-249563-f0005.txt,1,1,1,0,0,,
PMC3058986__zbc0151153940008.txt,0,0,0,0,0,,
PMC3059061__zbc0171155130004.txt,0,0,0,0,0,,
PMC3059306__nihms-278202-f0001.txt,1,0,0,1,0,CELL,
PMC3060875__pone.0017940.g003.txt,0,0,0,0,0,,
PMC3060910__pone.0017957.g001.txt,0,0,0,0,0,,
PMC3061506__z7g9990908530001.txt,0,0,0,0,0,,
PMC3061884__1755-8794-4-21-9.txt,0,0,0,0,0,,
PMC3062054__nihms-280598-f0004.txt,0,0,0,0,0,,
PMC3062096__PRI2011-219309.001.txt,0,0,0,0,0,,
PMC3062567__pone.0018059.g008.txt,2,2,1,0,1,,L
PMC3063194__2042-4280-2-1-1.txt,6,4,1,2,3,J|L10,L|TYPE|IF
PMC3063861__nihms252493f1.txt,10,8,4,2,4,R|CELL,LT|L|ND|PI
PMC3063861__nihms252493f4.txt,5,3,1,2,2,ARRESTIN|J,B|L
PMC3065765__112fig3.txt,0,0,0,0,0,,
PMC3066043__nihms276743f7.txt,1,1,0,0,1,,IN
PMC3068163__pone.0018257.g001.txt,1,1,0,0,1,,Y
PMC3068308__PRI2011-620601.004.txt,0,0,0,0,0,,
PMC3068308__PRI2011-620601.005.txt,1,1,0,0,1,,L
PMC3069071__pone.0018330.g007.txt,0,0,0,0,0,,
PMC3069415__zbc0191157260008.txt,0,0,0,0,0,,
PMC3069900__gr7.txt,1,1,0,0,1,,BETAGLYCAN
PMC3070154__nihms240504f1.txt,0,0,0,0,0,,
PMC3070197__nihms253368f1.txt,9,7,1,2,6,CA2|R,TBS|ERK|P38|B|RAS-GRF2|LAB
PMC3070284__gcr0011000070001.txt,0,0,0,0,0,,
PMC3070284__gcr0011000070002.txt,0,0,0,0,0,,
PMC3070611__1755-8794-4-23-4.txt,9,7,1,2,6,E|R,SK|I-1|NOT|B|CSL|END
PMC3070849__nihms-271828-f0001.txt,7,7,1,0,6,,P21|P1|P2|PI|P3|SHIP
PMC3071501__fnins-05-00161-g010.txt,0,0,0,0,0,,
PMC3071979__nihms280847f2.txt,3,3,1,0,2,,OF|B
PMC3072701__nihms281664f3.txt,8,7,2,1,5,HI,TAL|IN|MIG-2|B|WAVE
PMC3072770__bar010f2.txt,4,1,1,3,0,R|U|J,
PMC3073839__nihms234689f2.txt,31,24,7,7,17,T1|T2|T3|U|E|J|NF-KB,ART|DMP1|B|Z|HER2|NEU|PI3K|MEK|IKK1|IKK2|P|P65|P19ARF|L|RB|P53|P21CIP1
PMC3073847__nihms272201f1.txt,10,7,6,3,1,EMILIN1|FURIN|OR,SMAD1
PMC3075259__pone.0018636.g004.txt,5,4,0,1,4,G2,L|P53|IN|OF
PMC3076051__nihms253030f4.txt,13,9,1,4,8,CTRL|STZ|E|NG,P|S|B|L|H|Z|Y|BK
PMC3076053__nihms254298f7.txt,5,4,2,1,2,J,P|Y
PMC3076855__pnas.1103102108fig01.txt,0,0,0,0,0,,
PMC3076924__nihms273335f2.txt,9,6,2,3,4,J|E|KA,CHA|S|Y|OF
PMC3077116__nihms255742f2.txt,9,7,2,2,5,R|RED,L|ICE|IN|Y|PA
PMC3077214__12154_2010_51_Fig1_HTML.txt,0,0,0,0,0,,
PMC3078043__nihms-257938-f0005.txt,3,1,0,2,1,E|NE,C-FOS
PMC3078531__nihms280576f5.txt,4,3,1,1,2,J,ROS|P
PMC3079023__nihms268047f1.txt,1,1,1,0,0,,
PMC3079765__nihms-257507-f0001.txt,3,2,0,1,2,J,IGFI|L
PMC3080193__viru0101_0045_fig002.txt,0,0,0,0,0,,
PMC3080792__1477-5956-9-15-6.txt,0,0,0,0,0,,
PMC3080858__pgen.1001377.g006.txt,0,0,0,0,0,,
PMC3081368__nihms-271519-f0008.txt,0,0,0,0,0,,
PMC3081620__nihms-275732-f0001.txt,8,6,1,2,5,LIG|ECM,ND|S|P|BETAGLYCAN|LAM
PMC3082280__nihms-288089-f0001.txt,1,1,1,0,0,,
PMC3082499__nihms-290189-f0002.txt,11,8,3,3,5,II|J|JNK,LD|B|FASL|BK|L
PMC3082570__pone.0019309.g001.txt,0,0,0,0,0,,
PMC3083852__nihms-265332-f0001.txt,0,0,0,0,0,,
PMC3085438__JCS084194F5.txt,1,1,0,0,1,,L
PMC3086058__nihms286402f1.txt,2,1,0,1,1,E,ON
PMC3086304__bcbcr-2009-047f1.txt,0,0,0,0,0,,
PMC3086880__pone.0019240.g001.txt,0,0,0,0,0,,
PMC3086880__pone.0019240.g005.txt,0,0,0,0,0,,
PMC3087179__nihms280124f5.txt,3,2,0,1,2,RD,ARMS|Y
PMC3087605__nihms-292696-f0002.txt,8,5,2,3,3,ERK1|NF-KB|R,OF|PI3K|IN
PMC3089520__zbc0251162650006.txt,10,6,2,4,4,J|R|OR|JK,L|SHCA|S|SIS
PMC3089884__97320630006111F5.txt,0,0,0,0,0,,
PMC3089989__fpsyt-02-00005-g002.txt,0,0,0,0,0,,
PMC3091047__PP_172502_wc_f9.txt,4,2,0,2,2,J|EL,ACC|TR
PMC3091413__cin-2011-093f4.txt,0,0,0,0,0,,
PMC3091413__cin-2011-093f5.txt,0,0,0,0,0,,
PMC3091413__cin-2011-093f6.txt,0,0,0,0,0,,
PMC3091413__cin-2011-093f7.txt,0,0,0,0,0,,
PMC3091628__1471-2164-11-380-3.txt,7,5,2,2,3,HS|EL,SEX|L|S
PMC3092205__10.1177_1947601910373795-fig3.txt,12,9,2,3,7,TAK|NF-KB|J,MEK|ERK|EMT|B|RKIP|SNAIL|S
PMC3092205__10.1177_1947601910373795-fig4.txt,16,14,4,2,10,NF-KB|R,PI3K|AK|IKK|L|EMT|B|Y|SNAIL|ERK|RKIP
PMC3092232__10.1177_1947601910382901-fig3.txt,3,1,0,2,1,R|SS,B
PMC3092286__10.1177_1947601911407325-fig1.txt,8,8,0,0,8,,MEK|ERK|HIP|INPP4|P3|AK|Y|L
PMC3092371__nihms270173f7.txt,8,6,2,2,4,CA2|R,B|ACT|P|Y
PMC3092528__nihms289056f6.txt,3,3,0,0,3,,PYK2|TROY|PJS
PMC3092699__nihms289536f5.txt,7,5,1,2,4,J|CELL,PKD|PKB|IN|PI
PMC3092909__12263_2010_179_Fig5_HTML.txt,0,0,0,0,0,,
PMC3093193__nihms289177f2.txt,0,0,0,0,0,,
PMC3093464__pnas.1100426S108fig01.txt,0,0,0,0,0,,
PMC3093809__cbt1007_0658_fig001.txt,0,0,0,0,0,,
PMC3094054__zh20051162300008.txt,0,0,0,0,0,,
PMC3094802__nihms290166f3.txt,4,2,1,2,1,CELL|OR,DELTA
PMC3094802__nihms290166f4.txt,1,1,0,0,1,,OF
PMC3094853__nihms254819f1.txt,2,1,0,1,1,CELL,P
PMC3095455__WJCO-1-24-g001.txt,6,3,1,3,2,J|E|CELL,L|DI
PMC3095674__nihms-275584-f0004.txt,1,1,0,0,1,,TAK1
PMC3095696__nihms270198f3.txt,0,0,0,0,0,,
PMC3095967__nihms-294747-f0006.txt,2,1,1,1,0,J,
PMC309600__mb2430106009.txt,0,0,0,0,0,,
PMC3096550__nihms287625f6.txt,0,0,0,0,0,,
PMC3096649__pone.0019846.g007.txt,1,1,1,0,0,,
PMC309682__mb2430944006.txt,9,8,5,1,3,E,PI3K|TOR|B
PMC3097097__nihms231256f2.txt,33,25,5,8,20,OR|TC|IL-23|IL-6|PI3|LA|ELA|NGAL,IKK|S|L|TRAF6|CIKS|REG|MEK2|MEK3|TAK1|IKK-BETA|P38|MEK6|NIK|P2|OF|ER|B|TS|P3|GM-CSF
PMC3098250__pone.0019776.g009.txt,0,0,0,0,0,,
PMC3098469__nihms280087f1.txt,1,0,0,1,0,J,
PMC3099575__zh89991169630005.txt,9,8,3,1,5,J,HFE|S6|L|HJV|OF
PMC3099707__zbc0271164280010.txt,0,0,0,0,0,,
PMC3100315__pone.0020041.g006.txt,5,3,1,2,2,II|J,B|L
PMC3101100__JCB_201004016_RGB_Fig1.txt,1,0,0,1,0,E,
PMC3101770__nihms-260063-f0001.txt,4,2,1,2,1,J|R,L
PMC3101770__nihms-260063-f0002.txt,3,2,0,1,2,J,L|Y
PMC3101807__cddis201110f7.txt,0,0,0,0,0,,
PMC3101847__cshperspect-PRT-004440_F1.txt,0,0,0,0,0,,
PMC3102652__pone.0019664.g009.txt,0,0,0,0,0,,
PMC3102680__pone.0020199.g004.txt,0,0,0,0,0,,
PMC3102722__pone.0020454.g002.txt,4,1,0,3,1,II|LIB|U,L
PMC3103323__zbc0281165610007.txt,0,0,0,0,0,,
PMC3103347__zbc0281165510005.txt,0,0,0,0,0,,
PMC3103347__zbc0281165510007.txt,0,0,0,0,0,,
PMC3103528__pone.0020087.g005.txt,0,0,0,0,0,,
PMC3103888__nihms292347f1.txt,5,3,1,2,2,J|R,TLR-4|TNFA
PMC3104248__emm-43-231-g001.txt,0,0,0,0,0,,
PMC3104248__emm-43-231-g002.txt,0,0,0,0,0,,
PMC3104484__1749-8104-6-23-5.txt,6,3,0,3,3,J|E|R,IN|B|NURR1
PMC3104724__nihms294484f2.txt,1,1,1,0,0,,
PMC3105031__pone.0020362.g006.txt,0,0,0,0,0,,
PMC3105099__pone.0020586.g007.txt,2,1,1,1,0,J,
PMC3105527__nihms295049f1.txt,12,9,3,3,6,II|R|J,B|X|Y|PDE|Z|OT
PMC3107442__fphys-02-00024-g005.txt,0,0,0,0,0,,
PMC3107509__nihms298362f1.txt,2,2,2,0,0,,
PMC3107990__nihms291095f3.txt,0,0,0,0,0,,
PMC3108474__fphar-02-00111-g002.txt,0,0,0,0,0,,
PMC3109034__z7g9991114760006.txt,0,0,0,0,0,,
PMC3109514__IJAD2011-189728.004.txt,2,1,0,1,1,R,L
PMC3109859__Fig5_REVRettie.txt,5,3,0,2,3,16|R,CO|H|HO
PMC3109866__nihms296160f1.txt,0,0,0,0,0,,
PMC3109866__nihms296160f3.txt,1,1,0,0,1,,TOR
PMC3109867__nihms296159f1.txt,7,6,4,1,2,E,Y|L
PMC3110895__zh70061135890004.txt,0,0,0,0,0,,
PMC3111669__11064_2011_422_Fig2_HTML.txt,3,3,1,0,2,,IN|SMAD1
PMC3112285__nihms293426f2.txt,0,0,0,0,0,,
PMC3112527__JTR2011-815826.003.txt,2,2,0,0,2,,VL|FR
PMC3114428__nihms181259f1.txt,1,1,0,0,1,,NU
PMC3115623__nihms299705f5.txt,0,0,0,0,0,,
PMC3116122__11060_2010_442_Fig1_HTML.txt,0,0,0,0,0,,
PMC3116140__fnins-05-00078-g002.txt,0,0,0,0,0,,
PMC3116336__zsd0011127910001.txt,0,0,0,0,0,,
PMC3116598__sgtp0102_0124_fig001.txt,0,0,0,0,0,,
PMC3117038__cc1009_1343_fig001.txt,0,0,0,0,0,,
PMC3117317__JAIM-1-257-g003.txt,10,7,2,3,5,U|J|II,B|LT|ET|AA|L
PMC3117351__btr203f7.txt,0,0,0,0,0,,
PMC3117391__btr202f3.txt,0,0,0,0,0,,
PMC3117959__nihms292988f1.txt,2,0,0,2,0,E2|R,
PMC3118552__nihms293665f7.txt,2,2,0,0,2,,P|S
PMC3118704__fig-3.txt,0,0,0,0,0,,
PMC3118802__pone.0020887.g003.txt,0,0,0,0,0,,
PMC3118822__12192_2011_255_Fig5_HTML.txt,0,0,0,0,0,,
PMC3119514__nihms291316f1.txt,2,2,0,0,2,,S|NUC
PMC3119514__nihms291316f4.txt,0,0,0,0,0,,
PMC3119709__nihms-303668-f0001.txt,0,0,0,0,0,,
PMC3120887__pone.0021495.g005.txt,0,0,0,0,0,,
PMC3121168__nihms-302889-f0003.txt,2,1,0,1,1,E,KIF7
PMC3121168__nihms-302889-f0004.txt,6,4,1,2,3,J|LAS,L|IF|ET
PMC3121451__zbc0291165730007.txt,3,1,0,2,1,E|CELL,L
PMC3121899__nihms273642f3.txt,1,1,0,0,1,,SE
PMC3122035__psb0601_0164_fig002.txt,0,0,0,0,0,,
PMC3122216__zbc0291166720008.txt,1,1,0,0,1,,MKP-1
PMC3122626__zmr9990922690004.txt,0,0,0,0,0,,
PMC3122626__zmr9990922690008.txt,0,0,0,0,0,,
PMC3122959__nihms283807f1.txt,11,11,3,0,8,,B|HIP|GAS1|ON|PTC|H1|HLP|BCL-2
PMC3124252__nihms302160f6.txt,2,1,1,1,0,E,
PMC3124406__nihms-303040-f0001.txt,0,0,0,0,0,,
PMC3124513__pone.0021474.g006.txt,0,0,0,0,0,,
PMC3124798__97320630006176F1.txt,3,0,0,3,0,J|U|R,
PMC3125286__1471-2172-12-28-1.txt,2,1,1,1,0,CELL,
PMC3125314__1752-0509-5-74-3.txt,3,2,0,1,2,R,B|L
PMC3125348__1471-2229-11-88-2.txt,0,0,0,0,0,,
PMC3125348__1471-2229-11-88-6.txt,0,0,0,0,0,,
PMC3126020__10.1177_1758834010366430-fig2.txt,0,0,0,0,0,,
PMC3126131__zjv9990944190010.txt,0,0,0,0,0,,
PMC3126319__zjv9990946520007.txt,3,3,1,0,2,,OF|IFN
PMC312639__10f9_L1TT.txt,16,11,5,5,6,MLK3|JNK|ERK6|COT|ERK5,MKK4|MKK3|MEKK3|MEK5|MEK|LAR
PMC3126665__nihms-299238-f0003.txt,1,1,0,0,1,,OF
PMC3126716__1752-0509-5-82-3.txt,0,0,0,0,0,,
PMC3127159__cc1010_1582_fig002.txt,0,0,0,0,0,,
PMC3127908__pnas.1104242108fig06.txt,0,0,0,0,0,,
PMC3128061__pone.0021574.g010.txt,10,6,3,4,3,LH|CA2|E|ERK1,L|CX43|GAP
PMC3128083__pone.0021761.g009.txt,1,1,1,0,0,,
PMC3128635__10.1177_1947601911408079-fig1.txt,5,4,1,1,3,CELL,GPCR|ON|L
PMC3128772__fig-6.txt,0,0,0,0,0,,
PMC3128904__kjh-46-69-g001.txt,0,0,0,0,0,,
PMC3129154__zbc0331169550009.txt,0,0,0,0,0,,
PMC3129395__nihms286618f4.txt,1,1,0,0,1,,OF
PMC3129933__zh30061159460011.txt,3,2,0,1,2,R,IP|L
PMC3130517__ECAM2011-939205.007.txt,0,0,0,0,0,,
PMC3130749__pone.0021504.g001.txt,1,1,1,0,0,,
PMC3131061__zcm9990923540001.txt,0,0,0,0,0,,
PMC3131414__nihms299388f9.txt,3,2,1,1,1,CELL,OF
PMC3131451__nihms251700f1.txt,0,0,0,0,0,,
PMC3131876__cdd201072f7.txt,0,0,0,0,0,,
PMC3132010__ar3255-2.txt,0,0,0,0,0,,
PMC3132106__nihms-304985-f0001.txt,13,6,3,7,3,R|CA|PCP|JNK|CEL|CELL|U11,L|OF|H
PMC3132733__pone.0021835.g001.txt,0,0,0,0,0,,
PMC3133405__zmb9991091330009.txt,0,0,0,0,0,,
PMC3134581__nihms283238f7.txt,1,1,0,0,1,,PI
PMC3134994__NRI2011-124256.001.txt,0,0,0,0,0,,
PMC3135232__JST2011-603290.001.txt,1,1,1,0,0,,
PMC3135929__PP_175257_gs_f9.txt,3,2,1,1,1,PHT1,PI
PMC3136090__JTE2011-534603.005.txt,0,0,0,0,0,,
PMC3136221__JNUME2011-708183.001.txt,1,1,0,0,1,,B
PMC3136489__pone.0021902.g007.txt,0,0,0,0,0,,
PMC3136489__pone.0021902.g010.txt,0,0,0,0,0,,
PMC3136902__self0201_0035_fig001.txt,0,0,0,0,0,,
PMC3136910__sgtp0202_0089_fig002.txt,0,0,0,0,0,,
PMC3136913__sgtp0202_0104_fig002.txt,1,0,0,1,0,R,
PMC3136937__pone.0021977.g004.txt,0,0,0,0,0,,
PMC3136946__sgtp0203_0158_fig002.txt,0,0,0,0,0,,
PMC3137012__1450fig8.txt,0,0,0,0,0,,
PMC3137146__PROCATS7122f1.txt,1,1,0,0,1,,S
PMC3137639__nihms306822f2.txt,9,5,1,4,4,RSK|R|J|ATL,B|PI3K|TOR|S
PMC3137639__nihms306822f5.txt,2,1,0,1,1,E,MEK
PMC3137710__nihms290606f2.txt,13,11,4,2,7,TNKS1|J,L|CK1|X|ON|B|H|HN
PMC3137750__ECAM2011-870753.004.txt,3,1,0,2,1,TUBE|FOR,B
PMC3137877__ECAM2011-984154.009.txt,2,2,2,0,0,,
PMC3138532__nihms251481f1.txt,3,1,0,2,1,E|CELL,H
PMC3139433__nihms297490f4.txt,0,0,0,0,0,,
PMC3140648__fnana-05-00043-g001.txt,0,0,0,0,0,,
PMC3140648__fnana-05-00043-g003.txt,0,0,0,0,0,,
PMC3140861__fig-1.txt,0,0,0,0,0,,
PMC3141289__nihms307485f1.txt,0,0,0,0,0,,
PMC3141626__1477-5956-9-35-5.txt,0,0,0,0,0,,
PMC3141988__pnas.1103345108fig06.txt,0,0,0,0,0,,
PMC3142412__psb0603_0339_fig001.txt,0,0,0,0,0,,
PMC3142679__nihms304451f1.txt,0,0,0,0,0,,
PMC3143377__nihms-295616-f0003.txt,3,1,1,2,0,R|J,
PMC3143653__zbc0351172370006.txt,0,0,0,0,0,,
PMC3143906__2044-5040-1-4-3.txt,0,0,0,0,0,,
PMC3144625__JCDR-2-91-g001.txt,1,1,1,0,0,,
PMC3145778__pone.0022896.g009.txt,0,0,0,0,0,,
PMC3146004__lar-27-161-g004.txt,0,0,0,0,0,,
PMC3146023__nihms295935f3.txt,5,4,2,1,2,ERK1,B|PI3K
PMC3146975__nihms285225f1.txt,0,0,0,0,0,,
PMC3147278__nihms-308901-f0003.txt,2,1,1,1,0,IL8,
PMC3148240__pone.0022933.g001.txt,0,0,0,0,0,,
PMC3148410__nihms-301477-f0001.txt,1,0,0,1,0,J,
PMC3148591__EDR2012-198048.002.txt,8,4,1,4,3,LED|DM|J|CELL,L|DL|S
PMC3148700__asn0081147830009.txt,0,0,0,0,0,,
PMC3149098__zjw0071139090006.txt,0,0,0,0,0,,
PMC3149764__nihms295516f3.txt,10,6,3,4,3,CELL|IL-6|IL-4|GP,L|GH|CT-1
PMC3151103__zbc0381174950009.txt,0,0,0,0,0,,
PMC3151497__CFG2011-245137.003.txt,0,0,0,0,0,,
PMC3152260__nihms306819f10.txt,9,7,3,2,4,R|CELL,L|PP2|PI|PKC
PMC3152494__zh89991175410007.txt,2,1,0,1,1,J,L
PMC3152991__ECAM2011-624375.006.txt,0,0,0,0,0,,
PMC3153373__jbmr0025-1167-f8.txt,0,0,0,0,0,,
PMC3153445__nihms-307602-f0001.txt,0,0,0,0,0,,
PMC3153641__JCB_201011077_RGB_Fig10.txt,0,0,0,0,0,,
PMC3154417__cc1012_1940_fig002.txt,0,0,0,0,0,,
PMC3154848__ppat.1002177.g010.txt,3,2,0,1,2,CELL,ER|S
PMC3154890__2957fig8.txt,0,0,0,0,0,,
PMC3154935__pone.0023111.g004.txt,0,0,0,0,0,,
PMC3156703__pone.0022619.g001.txt,0,0,0,0,0,,
PMC3156782__mv-v17-2102-f2.txt,0,0,0,0,0,,
PMC3157546__nihms305602f7.txt,17,13,8,4,5,CELL|IL8|JNK|J,TAK1|PTHRP|COX2|B|RANKL
PMC3158608__nihms314773f7.txt,18,11,2,7,9,CA|CELL|U|J|CA2|CA1|CAL,PTX|L|PL|MAL|U2|IF|X|DAG|STO
PMC3158866__WJBC-2-167-g001.txt,0,0,0,0,0,,
PMC3160087__DEV065656F7.txt,1,1,0,0,1,,B
PMC3160317__pone.0023856.g006.txt,0,0,0,0,0,,
PMC3160786__gmr06601.txt,0,0,0,0,0,,
PMC3162305__tlo0405_0301_fig004.txt,0,0,0,0,0,,
PMC3162414__zbc0401176450008.txt,0,0,0,0,0,,
PMC3163143__JO2012-782020.002.txt,0,0,0,0,0,,
PMC3163143__JO2012-782020.003.txt,0,0,0,0,0,,
PMC3163147__ECAM2012-792820.006.txt,0,0,0,0,0,,
PMC3163574__pone.0023523.g002.txt,2,2,0,0,2,,Y|P
PMC3163686__pone.0023989.g002.txt,0,0,0,0,0,,
PMC3163686__pone.0023989.g003.txt,0,0,0,0,0,,
PMC3163944__JCI43428.f7.txt,0,0,0,0,0,,
PMC3164150__ijbsv07p1003g02.txt,0,0,0,0,0,,
PMC3164466__3206fig6.txt,0,0,0,0,0,,
PMC3164671__pone.0023691.g005.txt,0,0,0,0,0,,
PMC3165056__nihms132499f3.txt,5,4,2,1,2,RIG-I,OF|S
PMC3165056__nihms132499f4.txt,6,1,0,5,1,J|CA|R|NS1|NSPL,CO
PMC3165102__nihms298879f1.txt,5,4,2,1,2,U,P|EMT
PMC316535__gad.8f6.txt,6,6,3,0,3,,B|MEK|OF
PMC3166863__JCB_201009069_RGB_Fig5.txt,0,0,0,0,0,,
PMC316720__gad.6f6.txt,14,10,6,4,4,CELL|LI|K10|SPIR,P|CF2|H|MEK
PMC316759__gad.10f5.txt,5,4,0,1,4,FOR,PI|P2|P3|PDK2
PMC3167819__pone.0024225.g001.txt,0,0,0,0,0,,
PMC316827__gad.9f9.txt,5,2,1,3,1,HR|JNK|T3,AP-1
PMC3169155__pnas.1107411108fig05.txt,0,0,0,0,0,,
PMC316921__gad.2f6.txt,6,4,2,2,2,R|E,ARM|P2
PMC316922__gad.3f7.txt,9,5,3,4,2,LIGHT|II|PEF1|COP,B|RED1
PMC3169508__1752-0509-5-127-2.txt,0,0,0,0,0,,
PMC3169577__pone.0024152.g001.txt,0,0,0,0,0,,
PMC3169907__nihms77081f7.txt,2,2,0,0,2,,OF|PKD
PMC317062__gad.1f2.txt,3,3,1,0,2,,B|MEK
PMC3171509__nihms123300f1.txt,0,0,0,0,0,,
PMC3171751__nihms304572f3.txt,1,0,0,1,0,LH,
PMC3172156__nihms166282f2.txt,0,0,0,0,0,,
PMC3172793__zh89991178110003.txt,0,0,0,0,0,,
PMC3172806__zh89991177840007.txt,0,0,0,0,0,,
PMC3173230__zbc0431178800006.txt,3,3,1,0,2,,ADIPONECTIN|CRT
PMC3173343__1742-2094-8-104-7.txt,1,1,0,0,1,,ROS
PMC3173392__pone.0024361.g004.txt,0,0,0,0,0,,
PMC3173947__nihms261526f1.txt,1,1,0,0,1,,B
PMC3174480__fly0404_0288_fig003.txt,0,0,0,0,0,,
PMC3174986__pone.0024963.g003.txt,0,0,0,0,0,,
PMC3175751__nihms323572f2.txt,5,3,0,2,3,ECM|J,PI3K|P|MIG
PMC3175799__nihms309273f8.txt,1,0,0,1,0,CA2,
PMC3176137__137fig7.txt,0,0,0,0,0,,
PMC3177269__PP_174151_gs_f4.txt,0,0,0,0,0,,
PMC3177306__DEV066209F4.txt,0,0,0,0,0,,
PMC3177754__nihms-299486-f0003.txt,10,6,1,4,5,L11|E3|TRIM25|MDA5,LT|S|L|X|P
PMC3177754__nihms-299486-f0004.txt,9,7,1,2,6,RIG-I|J,MOP|ASC|RIP2|P|IFN|B
PMC3178084__cto0194-0232-f02.txt,0,0,0,0,0,,
PMC3179504__pone.0025332.g008.txt,0,0,0,0,0,,
PMC3180046__ajcr0001-0192-f2.txt,0,0,0,0,0,,
PMC3180262__1475-2867-11-31-8.txt,2,2,1,0,1,,S
PMC3180377__pone.0025249.g009.txt,0,0,0,0,0,,
PMC3181349__gr8.txt,0,0,0,0,0,,
PMC3181423__cddis201178f8.txt,0,0,0,0,0,,
PMC3182966__1477-5956-9-53-3.txt,2,1,0,1,1,J,B
PMC3183084__pgen.1002299.g002.txt,10,5,2,5,3,SGLT|TC|U|OR|E,IN|L|B
PMC3183998__nihms325221f8.txt,11,8,2,3,6,J|RAY|CELL,RN|P|AA|SYS|ON|AAP
PMC3184159__pone.0025559.g002.txt,2,0,0,2,0,J|HIG,
PMC3185594__viruses-02-02618f8.txt,0,0,0,0,0,,
PMC3185776__viruses-03-00886f2.txt,2,2,1,0,1,,EI
PMC3185777__viruses-03-00714f2.txt,0,0,0,0,0,,
PMC3185777__viruses-03-00714f4.txt,0,0,0,0,0,,
PMC3186080__zpg0041123340002.txt,0,0,0,0,0,,
PMC3186365__zbc0461181590009.txt,1,1,1,0,0,,
PMC3186766__pone.0024371.g002.txt,0,0,0,0,0,,
PMC3186766__pone.0024371.g004.txt,0,0,0,0,0,,
PMC3188288__11689_2011_9083_Fig1_HTML.txt,0,0,0,0,0,,
PMC3188288__11689_2011_9083_Fig2_HTML.txt,0,0,0,0,0,,
PMC3188430__2044-5040-1-27-7.txt,4,4,3,0,1,,ET
PMC3188786__fnana-05-00055-g001.txt,0,0,0,0,0,,
PMC3189326__nihms322195f2.txt,6,3,1,3,2,SERRATE|OUT|HKR1,DELTA|IN
PMC3189339__nihms319385f7.txt,10,10,3,0,7,,MEK|NEP|ERK|Y|PSA|P16|P21
PMC3189824__ajcr0001-0629-f2.txt,1,0,0,1,0,J,
PMC3189825__ajcr0001-0650-f1.txt,0,0,0,0,0,,
PMC3189939__pone.0025807.g003.txt,0,0,0,0,0,,
PMC3190381__DEV071464F7.txt,0,0,0,0,0,,
PMC3190874__zbc0411179700001.txt,0,0,0,0,0,,
PMC3190874__zbc0411179700002.txt,2,1,0,1,1,II,TIP
PMC3190892__zbc0421178240005.txt,0,0,0,0,0,,
PMC3191566__zh00101167240006.txt,2,1,0,1,1,R,L
PMC3192015__nihms325485f1.txt,5,4,1,1,3,E,TORC1|TORC2|S
PMC3192283__18_2011_797_Fig1_HTML.txt,3,2,1,1,1,E,L
PMC3193034__1471-2229-11-129-7.txt,2,0,0,2,0,IER|CELL,
PMC3193242__pnas.1114194108fig07.txt,0,0,0,0,0,,
PMC3193400__cr2010178f3.txt,4,2,1,2,1,U|R,L
PMC3193402__cr2010159f2.txt,0,0,0,0,0,,
PMC3193403__cr2010166f2.txt,0,0,0,0,0,,
PMC3193404__cr2010168f1.txt,0,0,0,0,0,,
PMC3193406__cr2010177f1.txt,0,0,0,0,0,,
PMC3193412__cr2010161f2.txt,0,0,0,0,0,,
PMC3193412__cr2010161f7.txt,3,2,0,1,2,J,L|RL
PMC3193412__cr2010161f8.txt,0,0,0,0,0,,
PMC3193436__cr2010143f1.txt,0,0,0,0,0,,
PMC3193440__cr201113f2.txt,0,0,0,0,0,,
PMC3193469__cr2011118f5.txt,0,0,0,0,0,,
PMC3193487__cr201188f1.txt,0,0,0,0,0,,
PMC3193496__cr201186f1.txt,4,4,1,0,3,,H|P|Y
PMC3193496__cr201186f4.txt,4,4,2,0,2,,OF|P
PMC3196058__nihms322202f2.txt,1,1,0,0,1,,P
PMC3196095__zbc0471182980006.txt,0,0,0,0,0,,
PMC3196116__zbc0481183470010.txt,0,0,0,0,0,,
PMC3196148__zbc0471182530009.txt,0,0,0,0,0,,
PMC3196825__nihms307766f7.txt,2,2,0,0,2,,L|Y
PMC3197531__pone.0026581.g012.txt,0,0,0,0,0,,
PMC3197696__nihms312528f9.txt,9,4,2,5,2,CELL|PD-L1|R|7L|J,P0|L
PMC3198763__1741-7007-9-69-2.txt,0,0,0,0,0,,
PMC3199188__CDI2011-947858.001.txt,1,0,0,1,0,APCS,
PMC3199525__zbc0491184050006.txt,2,2,2,0,0,,
PMC3200079__BMR2011-502751.003.txt,14,10,3,4,7,L7|R|E2A|E,L|Z|MB|CD19|IKAROS|STAT5|S
PMC3201197__JEM_20112087_RGB_Fig1.txt,0,0,0,0,0,,
PMC3201973__pone.0026766.g009.txt,4,2,0,2,2,R|TTR,Y|OF
PMC3202082__nihms314578f1.txt,0,0,0,0,0,,
PMC3202302__nihms322868f2.txt,8,7,1,1,6,BCR,BAFF|LPS|P|IKBA|P50|P65
PMC3202302__nihms322868f4.txt,0,0,0,0,0,,
PMC3202302__nihms322868f5.txt,5,5,3,0,2,,CD40L|BAFF
PMC3203685__nihms324149f1.txt,6,5,1,1,4,E,PI3K|TORC1|TORC2|L
PMC3203697__cr2010181f7.txt,5,3,1,2,2,J|E,S|LT
PMC3203698__cr201127f8.txt,1,1,0,0,1,,L
PMC3204078__4182fig5.txt,0,0,0,0,0,,
PMC3204144__cib0405_0612_fig002.txt,0,0,0,0,0,,
PMC3204250__1756-0500-4-408-2.txt,1,0,0,1,0,J,
PMC3204345__carcinbgr172f04_4c.txt,1,0,0,1,0,U,
PMC3204345__carcinbgr172f05_4c.txt,0,0,0,0,0,,
PMC3204355__nihms108478f6.txt,10,6,2,4,4,U|J|II|BIM,B|U2|L|AO
PMC3204831__JCI46122.f8.txt,0,0,0,0,0,,
PMC3204848__JCI59291.f13.txt,0,0,0,0,0,,
PMC3205057__1757-2215-4-17-5.txt,7,4,1,3,3,UNG|II|AE,P|L|H
PMC3205231__nihms311476f3.txt,1,1,0,0,1,,MR
PMC3205325__nihms-312067-f0002.txt,1,1,0,0,1,,LAP
PMC3205587__2173fig5.txt,0,0,0,0,0,,
PMC3206195__nihms307754f3.txt,6,3,1,3,2,FOR|R|OR,IN|OF
PMC3206446__1471-213X-11-57-10.txt,0,0,0,0,0,,
PMC3207424__zbc0501185650006.txt,1,0,0,1,0,R,
PMC3207648__pnas.1108180108fig06.txt,0,0,0,0,0,,
PMC3208682__961644.fig1.txt,0,0,0,0,0,,
PMC3209051__zek9990938130009.txt,0,0,0,0,0,,
PMC3209254__zmb9991092790009.txt,0,0,0,0,0,,
PMC3209670__1471-2164-12-496-3.txt,0,0,0,0,0,,
PMC3210035__nihms301449f1.txt,0,0,0,0,0,,
PMC3210157__pone.0027318.g008.txt,0,0,0,0,0,,
PMC3210519__bioa0104_0200_fig001.txt,0,0,0,0,0,,
PMC3212439__nihms-296577-f0007.txt,9,8,5,1,3,NF-KB,LPS|TRIF|TRAF6
PMC3212955__1744-8069-7-49-7.txt,0,0,0,0,0,,
PMC3213171__pcbi.1002262.g001.txt,0,0,0,0,0,,
PMC3213172__pcbi.1002264.g003.txt,0,0,0,0,0,,
PMC3213329__nihms-315343-f0003.txt,0,0,0,0,0,,
PMC3213687__1471-2105-12-81-2.txt,1,0,0,1,0,J,
PMC3213765__nihms-334040-f0013.txt,9,5,3,4,2,NE|16|P27|E,B|P18
PMC3213765__nihms-334040-f0020.txt,8,6,3,2,3,E|MATH,GCP|MB|ATOH
PMC3213922__zh00111167540008.txt,0,0,0,0,0,,
PMC3215398__nihms334114f5.txt,0,0,0,0,0,,
PMC3216328__JCB_201009126R_RGB_Fig8.txt,6,5,2,1,3,CELL,PI|P2|WASP
PMC3216625__srep00144-f1.txt,8,5,0,3,5,MIN|JNK|R,B|P38|L|Z|RIP1
PMC3216625__srep00144-f6.txt,12,6,1,6,5,APO2|J1|CRIP|U|J|JNK,B|Y|CT|RN|L
PMC3217187__nihms322922f6.txt,6,3,0,3,3,J|HPO|WTS,MER|KIBRA|P
PMC3217239__nihms-336084-f0008.txt,4,3,0,1,3,II,ANG|FASL|L
PMC321741__zpq0050436800001.txt,0,0,0,0,0,,
PMC3218473__psb0606_0783_fig001.txt,0,0,0,0,0,,
PMC3218933__bcr2876-2.txt,6,6,0,0,6,,S|L|H|ORM|PI|RL
PMC3218933__bcr2876-3.txt,1,0,0,1,0,R,
PMC3219440__nihms71642f4.txt,5,3,1,2,2,R|ERIC,IN|ER
PMC3219506__nihms117527f2.txt,4,4,1,0,3,,L|PKR|P
PMC3219658__pone.0026960.g005.txt,0,0,0,0,0,,
PMC3220493__zbc0511188570006.txt,0,0,0,0,0,,
PMC3221273__cpb0027-0715-f07.txt,0,0,0,0,0,,
PMC3221684__pone.0028067.g008.txt,0,0,0,0,0,,
PMC3221730__nihms324864f2.txt,1,1,0,0,1,,B
PMC3221743__nihms328658f5.txt,9,7,5,2,2,LA|IL-10,L|MKP-1
PMC3222216__DEV067280F7.txt,0,0,0,0,0,,
PMC3223690__cddis2011103f4.txt,0,0,0,0,0,,
PMC3223722__fnmol-04-00047-g001.txt,0,0,0,0,0,,
PMC3224649__1471-2105-11-43-7.txt,0,0,0,0,0,,
PMC3225948__cshperspect-PRT-004507_F7.txt,0,0,0,0,0,,
PMC3226161__cc3747-1.txt,3,1,1,2,0,EPCR|CELL,
PMC3226194__1471-2105-10-S11-S5-7.txt,10,6,3,4,3,NG|J|II|PROT,IN|L|OF
PMC3226213__PC_084608_gs_f8.txt,1,0,0,1,0,J,
PMC3226342__JCI61127.f2.txt,0,0,0,0,0,,
PMC3226976__nihms-334218-f0005.txt,8,6,1,2,5,E|MIN,SI|RO|TYPE|B|L
PMC3227454__aging-03-896-g002.txt,0,0,0,0,0,,
PMC3227525__nihms328325f3.txt,14,12,6,2,6,CDC42BPB|P27,L|CO|B|Z|C-MYC|P
PMC3229229__marinedrugs-09-02176f3.txt,4,2,0,2,2,II|R,L|S
PMC3229919__nihms332329f6.txt,3,2,2,1,0,PARP-1,
PMC3230665__nihms327830f2.txt,0,0,0,0,0,,
PMC3232251__961735.fig1.txt,0,0,0,0,0,,
PMC3233205__nihms323230f1.txt,0,0,0,0,0,,
PMC3233625__cc1019_3274_fig003.txt,0,0,0,0,0,,
PMC3234335__nihms318852f1.txt,0,0,0,0,0,,
PMC3234824__zbc0521189840009.txt,0,0,0,0,0,,
PMC3234905__zbc0521189180007.txt,0,0,0,0,0,,
PMC3236571__ajcr0002-0045-f3.txt,0,0,0,0,0,,
PMC3236571__ajcr0002-0045-f7.txt,0,0,0,0,0,,
PMC3236823__239_2011_9469_Fig3_HTML.txt,0,0,0,0,0,,
PMC3240594__pgen.1002415.g005.txt,1,0,0,1,0,J,
PMC3240668__1471-2105-12-80-6.txt,0,0,0,0,0,,
PMC3241422__1145fig6.txt,0,0,0,0,0,,
PMC3241422__1145fig7.txt,0,0,0,0,0,,
PMC3241611__nihms341856f2.txt,8,6,2,2,4,CELL|J,L|OF|MOP|RIP2
PMC3241690__pone.0029160.g007.txt,4,2,2,2,0,R|E,
PMC3241725__JCB_201108081_RGB_Fig3.txt,0,0,0,0,0,,
PMC3241928__nihms336504f8.txt,15,10,5,5,5,PIN|E|ITF|MT|R,B|PI3K|TR|L|Y
PMC3243033__org0703_0202_fig001.txt,0,0,0,0,0,,
PMC3243074__nihms335978f3.txt,2,1,1,1,0,CELL,
PMC3243079__JC-10-25-g002.txt,9,7,4,2,3,R|CELL,P|ERA|LT
PMC3243355__i1543-8120-67-1-1-f03.txt,2,1,0,1,1,ABI3,L
PMC3245021__gkr1127f3.txt,0,0,0,0,0,,
PMC3245119__gkr1208f2.txt,0,0,0,0,0,,
PMC324544__JCI0419872.f6.txt,3,2,1,1,1,IL-6,B
PMC324551__JCI0420986.f3.txt,4,3,2,1,1,ADP,PKC
PMC3245902__nihms-335494-f0001.txt,3,2,0,1,2,CELL,B|ON
PMC3246677__nihms-345848-f0002.txt,14,7,4,7,3,J|RIG-I|MDA-5|E|MAVS|VIPERIN|RIN,LPS|B|L
PMC3246694__DRP2012-259170.002.txt,3,1,0,2,1,R|J,B
PMC3246786__JSC2011-614097.003.txt,0,0,0,0,0,,
PMC3247139__1752-0509-5-178-1.txt,1,1,0,0,1,,H
PMC3247287__pone.0029733.g008.txt,0,0,0,0,0,,
PMC3247940__zbc0521190740008.txt,3,1,0,2,1,GP|R,LIM
PMC3247990__zbc0021291680008.txt,0,0,0,0,0,,
PMC3248020__zbc0521189810009.txt,0,0,0,0,0,,
PMC3248118__oncotarget-01-457-g002.txt,5,3,3,2,0,OR|J,
PMC3248125__oncotarget-01-530-g001.txt,0,0,0,0,0,,
PMC3248130__oncotarget-01-552-g002.txt,1,1,0,0,1,,TR
PMC3248170__oncotarget-02-336-g001.txt,3,1,0,2,1,R|PI3,PA
PMC3248194__oncotarget-02-497-g002.txt,1,1,0,0,1,,L
PMC3248195__oncotarget-02-435-g001.txt,0,0,0,0,0,,
PMC3248275__JCI42204.f7.txt,0,0,0,0,0,,
PMC3249369__23fig6.txt,1,0,0,1,0,R,
PMC3250618__441_2011_1178_Fig6_HTML.txt,4,2,0,2,2,R|J,FI|TIP
PMC3251651__nihms339102f4.txt,8,7,3,1,4,H2A,IN|OF|CDC2|P107
PMC3252343__pone.0029653.g004.txt,0,0,0,0,0,,
PMC3252370__ppat.1002461.g010.txt,0,0,0,0,0,,
PMC3252742__cddis2011130f4.txt,0,0,0,0,0,,
PMC3253522__ajcd0001-0274-f2.txt,4,3,0,1,3,EL,L|S|TS
PMC3253704__nihms347168f1.txt,1,0,0,1,0,CELL,
PMC3253886__nihms330453f4.txt,4,2,0,2,2,U|J,Z|L
PMC3255869__zjv9990954570001.txt,3,3,0,0,3,,LPS|TYPE|IFN
PMC3256223__pone.0030140.g001.txt,4,2,1,2,1,JNK|J,ERK
PMC3256223__pone.0030140.g003.txt,0,0,0,0,0,,
PMC3257109__ijms-12-08924f3.txt,0,0,0,0,0,,
PMC3257793__psb0607_1049_fig001.txt,0,0,0,0,0,,
PMC3258345__nihms322695f9.txt,3,2,0,1,2,J,L|RAR
PMC3260721__psb0608_1198_fig001.txt,0,0,0,0,0,,
PMC3260728__psb0608_1219_fig002.txt,0,0,0,0,0,,
PMC3262331__jbm-1-093f2.txt,1,0,0,1,0,LI,
PMC3262331__jbm-1-093f3.txt,0,0,0,0,0,,
PMC3262399__nihms347394f6.txt,0,0,0,0,0,,
PMC3262490__1471-2407-11-502-2.txt,1,1,1,0,0,,
PMC3262490__1471-2407-11-502-3.txt,1,1,1,0,0,,
PMC3262585__IJBC2011-923250.001.txt,0,0,0,0,0,,
PMC3262803__pone.0030215.g008.txt,2,2,0,0,2,,NOXA|P
PMC3264680__nihms349582f3.txt,4,1,1,3,0,E|R|U,
PMC3266027__188fig1.txt,0,0,0,0,0,,
PMC3266301__pone.0030725.g006.txt,0,0,0,0,0,,
PMC326656__ek0630157004.txt,5,2,1,3,1,CELL|DAMAGE|GEF,P
PMC3266773__JCI45977.f10.txt,0,0,0,0,0,,
PMC3266783__JCI58779.f2.txt,0,0,0,0,0,,
PMC3266971__nihms320016f1.txt,0,0,0,0,0,,
PMC3267482__ijcep0005-0023-f2.txt,0,0,0,0,0,,
PMC3267734__pone.0030601.g008.txt,2,2,2,0,0,,
PMC3267860__nihms337420f3.txt,16,9,1,7,8,J|HI|NA|R|E|U|RTN1,B|P|Z|VL|L|S|PA|IF
PMC3267860__nihms337420f8.txt,3,2,1,1,1,E,DIR
PMC3268412__zbc0051293490008.txt,4,4,1,0,3,,MEK|ERK|IN
PMC3268901__nihms-343797-f0001.txt,0,0,0,0,0,,
PMC3268919__nihms341577f8.txt,4,3,0,1,3,CELL,B|UPA|UPAR
PMC3269610__ijbsv08p0272g01.txt,0,0,0,0,0,,
PMC3269610__ijbsv08p0272g02.txt,0,0,0,0,0,,
PMC3269784__nihms351758f1.txt,1,1,0,0,1,,ON
PMC3270028__pone.0030802.g006.txt,0,0,0,0,0,,
PMC3270444__MI2012-489810.005.txt,1,1,0,0,1,,P
PMC3271860__nihms346803f7.txt,4,3,2,1,1,CELL,Y
PMC3272037__pone.0030722.g010.txt,4,4,2,0,2,,PI3K|TORC2
PMC3273665__nihms336568f2.txt,5,5,4,0,1,,L
PMC3274353__DEV071688F7.txt,0,0,0,0,0,,
PMC3274382__nihms344963f1.txt,1,1,0,0,1,,PRR
PMC3274818__nihms348296f1.txt,0,0,0,0,0,,
PMC3275167__zmg0021249480007.txt,0,0,0,0,0,,
PMC3275361__zeg0021285840003.txt,0,0,0,0,0,,
PMC3278757__btr696f1.txt,5,2,0,3,2,R|II|J,L|S
PMC3278757__btr696f7.txt,0,0,0,0,0,,
PMC3279748__fnmol-05-00013-g0002.txt,0,0,0,0,0,,
PMC3280589__nihms205955f2.txt,2,1,0,1,1,R,S1
PMC3280986__ppat.1002530.g007.txt,6,3,1,3,2,E|R|HOA,MEK|ERK
PMC3281071__pone.0031229.g004.txt,0,0,0,0,0,,
PMC3281614__zbc0071296390006.txt,0,0,0,0,0,,
PMC3281649__zbc0091297680009.txt,0,0,0,0,0,,
PMC3282946__srep00282-f4.txt,0,0,0,0,0,,
PMC3283716__pone.0031906.g001.txt,0,0,0,0,0,,
PMC3283740__pone.0032204.g004.txt,0,0,0,0,0,,
PMC3285038__2045-3701-1-41-1.txt,5,0,0,5,0,IDI|CELL|R|NE|II,
PMC3285217__JOM-4-10368-g001.txt,0,0,0,0,0,,
PMC3285398__nihms354715f2.txt,10,7,2,3,5,IV|J|II,UP|L|H|B|TALK
PMC3285457__nihms329107f6.txt,4,3,2,1,1,J,EMT
PMC3285553__nihms350220f3.txt,0,0,0,0,0,,
PMC3285553__nihms350220f4.txt,7,5,3,2,2,MBOAT|DKK3,CRD|DI
PMC3285584__pgen.1002524.g009.txt,5,3,3,2,0,FGFB|FOXG1,
PMC3285629__pone.0032087.g008.txt,1,1,0,0,1,,TRKA
PMC3287363__zh10031264290007.txt,3,2,1,1,1,J,L
PMC3288246__nihms-341571-f0008.txt,7,6,2,1,4,J,NAC|ROS|MEK|SNAIL
PMC3288347__cddis20125f7.txt,0,0,0,0,0,,
PMC3288889__nihms337472f5.txt,1,1,0,0,1,,B
PMC3289338__pnas.1116582109fig03.txt,0,0,0,0,0,,
PMC3289858__TSWJ2012-912147.002.txt,2,1,1,1,0,R,
PMC3289920__bts018f2.txt,0,0,0,0,0,,
PMC3290617__pone.0032794.g001.txt,1,1,0,0,1,,S
PMC3291562__pone.0032391.g004.txt,0,0,0,0,0,,
PMC3291810__nihms324032f8.txt,2,2,2,0,0,,
PMC3292657__nihms338168f4.txt,6,5,0,1,5,II,CT|B|ERK|L|IN
PMC3293036__1476-4598-11-7-1.txt,0,0,0,0,0,,
PMC3293507__zh60031278470009.txt,0,0,0,0,0,,
PMC3294277__nihms358061f8.txt,5,4,2,1,2,CELL,MEK|PKB
PMC3294424__zmr9990922860006.txt,0,0,0,0,0,,
PMC3294445__zek9990938620008.txt,2,0,0,2,0,NA|ADP,
PMC3295063__AD-2-6-449-Figure3.txt,0,0,0,0,0,,
PMC3295195__zmb9991094060010.txt,0,0,0,0,0,,
PMC3295293__pnas.1109407109fig06.txt,0,0,0,0,0,,
PMC3295657__2044-5040-2-3-6.txt,0,0,0,0,0,,
PMC3296187__IJBC2012-124704.001.txt,2,0,0,2,0,ST|MY,
PMC3296313__IJCB2012-501962.003.txt,0,0,0,0,0,,
PMC3296647__1471-2105-13-20-3.txt,5,4,0,1,4,RAPH,B|SHIP|SKIP|SI
PMC3296647__1471-2105-13-20-6.txt,2,1,0,1,1,J,B
PMC3296768__pone.0033011.g005.txt,0,0,0,0,0,,
PMC3297971__nihms346928f4.txt,0,0,0,0,0,,
PMC3298526__1752-0509-6-3-1.txt,1,1,0,0,1,,P
PMC3298530__1471-230X-12-9-7.txt,0,0,0,0,0,,
PMC3298845__nihms358828f2.txt,0,0,0,0,0,,
PMC3299304__GRP2012-909350.003.txt,0,0,0,0,0,,
PMC3302445__zmb9991094310007.txt,2,1,1,1,0,SAC,
PMC3302843__pone.0033250.g010.txt,11,5,2,6,3,ARSB|J|HMOX|GE|C4S|E,L|S|IK
PMC3303591__JAR2012-384017.001.txt,4,3,0,1,3,J,AN|L|P
PMC3304298__fnmol-05-00033-g0001.txt,0,0,0,0,0,,
PMC3304564__ajcr0002-0178-f1.txt,0,0,0,0,0,,
PMC3304564__ajcr0002-0178-f2.txt,3,1,0,2,1,E|R,Y
PMC3304673__JBB2012-594056.001.txt,5,4,2,1,2,J,JAKL|B
PMC3306546__nihms330947f6.txt,10,6,2,4,4,FRU|R|LIS|G2,GL|P|LCX|L
PMC3306981__JO2012-351089.001.txt,0,0,0,0,0,,
PMC3307138__fphys-03-00053-g002.txt,0,0,0,0,0,,
PMC3307269__zbc0111298810009.txt,1,0,0,1,0,MALIN,
PMC3307847__nihms354051f3.txt,6,4,1,2,3,LUM|U,L|ER|B
PMC3307977__cdd2011132f6.txt,0,0,0,0,0,,
PMC3308032__gm293-2.txt,3,2,1,1,1,R,B
PMC3308137__nihms358197f1.txt,9,5,1,4,4,U|R|J|E,B|X|L|P
PMC3310050__pone.0032920.g012.txt,0,0,0,0,0,,
PMC3310225__nihms357092f5.txt,19,14,1,5,13,U|E|CLA|J|OR,P|Y|L|B|ACT|PH|LN|H|SI|S|DD|PL|CGT
PMC3311240__zh00031268800011.txt,0,0,0,0,0,,
PMC3312242__nihms341854f1.txt,1,1,0,0,1,,RS
PMC3312675__cshperspect-IMT-007146_F4.txt,0,0,0,0,0,,
PMC3314445__JCI57256.f9.txt,0,0,0,0,0,,
PMC3315579__pone.0033684.g004.txt,0,0,0,0,0,,
PMC3316753__12263_2012_281_Fig4_HTML.txt,0,0,0,0,0,,
PMC3316974__NRI2012-454957.001.txt,5,5,1,0,4,,H|S|P|S6
PMC3317229__JST2012-463617.005.txt,0,0,0,0,0,,
PMC3318714__zbc0131200990008.txt,0,0,0,0,0,,
PMC3318965__nihms344969f1.txt,4,4,0,0,4,,RANKL|P4|L|PR
PMC3319201__nihms328806f3.txt,9,8,5,1,3,NFL,MEK|L|ERK
PMC3319314__nihms347427f2.txt,2,0,0,2,0,HA|E,
PMC3320644__pone.0034727.g007.txt,2,0,0,2,0,R|J,
PMC3320915__zbc0161203470007.txt,1,0,0,1,0,ERK5,
PMC3320973__zbc0171204250008.txt,0,0,0,0,0,,
PMC3322146__pone.0035331.g008.txt,0,0,0,0,0,,
PMC3324360__mv-v18-730-f5.txt,6,5,4,1,1,R,RL
PMC3325001__ott-5-047f1.txt,0,0,0,0,0,,
PMC3325001__ott-5-047f2.txt,0,0,0,0,0,,
PMC3325758__nihms-367471-f0002.txt,8,6,1,2,5,OR|CA,B|PLCE|DAG|IP|L
PMC3325914__pone.0035012.g007.txt,0,0,0,0,0,,
PMC3326638__nihms325694f1.txt,12,8,0,4,8,IPP|J|R|E,H|L|PP|PP1|RN|YT|P|TTP
PMC3327221__PP_181883_gs_f7.txt,2,2,0,0,2,,SI|MR
PMC3328790__nihms335394f1.txt,6,2,0,4,2,NS|ECM|CELL|E,L|EMT
PMC3329340__psb-6-1700-g3.txt,0,0,0,0,0,,
PMC3329486__pone.0034488.g001.txt,0,0,0,0,0,,
PMC3331679__nihms369262f2.txt,19,8,1,11,7,J|E|GIL|U|R|MS|OR|CAL|TRNA|TOP|CELL,L|S|Y|OF|ACT|B|TR
PMC3331705__cshperspect-WNT-008052_F1.txt,0,0,0,0,0,,
PMC3334516__carcinbgs114f04_4c.txt,0,0,0,0,0,,
PMC3334867__nihms367719f5.txt,2,1,0,1,1,IL-6,MCP-1
PMC3334869__nihms364799f7.txt,12,11,1,1,10,E,P|OF|IN|AS|UGT|S|B|ON|H3|H4
PMC3335081__pone.0035712.g009.txt,0,0,0,0,0,,
PMC3335938__cbt1212_1032_fig001.txt,0,0,0,0,0,,
PMC3337193__psb-6-1993-g1.txt,0,0,0,0,0,,
PMC3337355__nihms363687f2.txt,6,4,1,2,3,E|CELL,X|EMT|L
PMC3337681__MI2012-781375.007.txt,3,2,0,1,2,GE,L|S
PMC3337715__nihms-368835-f0001.txt,7,5,1,2,4,E|NF-KB,S|GLUT|FKBP12|B
PMC3339976__zbc0181205740006.txt,7,6,1,1,5,R,P|PKC|ROS|ER|S
PMC3340364__pone.0036248.g006.txt,0,0,0,0,0,,
PMC3341116__zh30021260890009.txt,0,0,0,0,0,,
PMC3341346__pone.0036548.g007.txt,0,0,0,0,0,,
PMC3342359__fimmu-03-00044-g002.txt,0,0,0,0,0,,
PMC3342643__nihms-373396-f0003.txt,16,13,3,3,10,J|CA|ERK1,DAG|PA|L|DGK|PI3K|CARMA|MEK1|IKK|NFAT|FAT
PMC3342643__nihms-373396-f0005.txt,2,0,0,2,0,J|R,
PMC3343102__pgen.1002686.g009.txt,0,0,0,0,0,,
PMC3343135__10.1177_1933719110393025-fig2.txt,0,0,0,0,0,,
PMC3343649__cr20123f7.txt,11,7,2,4,5,DAMAGE|J|CEL|PROL,IN|CHK2|CHK1|ON|L
PMC3343650__cr201230f5.txt,0,0,0,0,0,,
PMC3343698__nihms373059f8.txt,5,4,2,1,2,J,PI3K|RN
PMC3344210__ijms-13-04202f4.txt,0,0,0,0,0,,
PMC3344687__1742-2094-9-46-7.txt,0,0,0,0,0,,
PMC3345255__SRCM2012-404810.001.txt,0,0,0,0,0,,
PMC3347452__zii9990996330007.txt,0,0,0,0,0,,
PMC3348440__nihms365922f1.txt,1,1,0,0,1,,L
PMC3349255__neo1404_0283_fig007.txt,0,0,0,0,0,,
PMC3349800__nihms-371655-f0003.txt,4,3,1,1,2,TC,H|L
PMC3349963__fimmu-03-00116-g001.txt,0,0,0,0,0,,
PMC3350769__18_2011_898_Fig2_HTML.txt,7,6,3,1,3,E,B|S|CD
PMC3350954__ECAM2012-195397.003.txt,1,1,0,0,1,,B
PMC3351275__nihms362590f3.txt,3,3,1,0,2,,TX|PI3K
PMC3353202__1471-2164-13-153-5.txt,6,4,2,2,2,R|E,B|P38
PMC3353643__zh20031264670006.txt,0,0,0,0,0,,
PMC3353658__nihms373948f3.txt,0,0,0,0,0,,
PMC3354698__nihms375612f5.txt,22,16,1,6,15,E|R|OR|SEA|REP|TED,MEK|ERK|BIT|IF|OF|IFN|PN|PA|PKR|NOT|X|AS|DICER|L|S
PMC3355085__pgen.1002725.g004.txt,0,0,0,0,0,,
PMC3355158__pone.0036560.g008.txt,0,0,0,0,0,,
PMC3355621__fpls-03-00051-g003.txt,0,0,0,0,0,,
PMC3355838__fendo-03-00031-g002.txt,0,0,0,0,0,,
PMC3355894__fonc-02-00030-g001.txt,2,2,0,0,2,,FI|L
PMC3355926__fendo-02-00054-g001.txt,0,0,0,0,0,,
PMC3355939__fendo-02-00030-g004.txt,0,0,0,0,0,,
PMC3355968__fonc-02-00015-g002.txt,0,0,0,0,0,,
PMC3356063__fendo-02-00075-g001.txt,0,0,0,0,0,,
PMC3357354__psb-7-135-g2.txt,5,3,1,2,2,AZ|CELL,P|MKK4
PMC3357369__psb-7-53-g3.txt,0,0,0,0,0,,
PMC3357464__nihms-373061-f0003.txt,0,0,0,0,0,,
PMC3357548__JST2012-376470.002.txt,6,4,0,2,4,U|II,L|Y|SSI|TN
PMC3357548__JST2012-376470.003.txt,0,0,0,0,0,,
PMC3357552__fphys-03-00138-g001.txt,0,0,0,0,0,,
PMC3358533__nihms370101f5.txt,4,1,0,3,1,LI|LE|J,P
PMC3358864__pnas.1113666109fig01.txt,4,3,2,1,1,J,L
PMC3359943__AJRCMB464417fig1.txt,0,0,0,0,0,,
PMC3359946__AJRCMB464507fig7.txt,0,0,0,0,0,,
PMC3360134__nihms349620f7.txt,2,2,0,0,2,,IMP|LMP7
PMC3360562__1070fig7.txt,0,0,0,0,0,,
PMC3361329__PRI2012-172894.001.txt,4,3,2,1,1,J,PA
PMC3361329__PRI2012-172894.002.txt,17,13,4,4,9,II|R|NF-KB|J,TNFA|RIP|FAD|P|NEMO|IKKA|MKP|FHC|B
PMC3361581__nihms357034f1.txt,5,5,2,0,3,,PGD2|L|ER
PMC3361614__nihms367829f6.txt,1,1,0,0,1,,FE
PMC3361704__srep00428-f1.txt,4,2,0,2,2,LI|LBA,RN|L
PMC3363004__JBB2012-357060.006.txt,0,0,0,0,0,,
PMC3364461__fendo-02-00045-g001.txt,0,0,0,0,0,,
PMC3364461__fendo-02-00045-g004.txt,0,0,0,0,0,,
PMC3364461__fendo-02-00045-g005.txt,0,0,0,0,0,,
PMC3364790__cbt-13-542-g4.txt,0,0,0,0,0,,
PMC3366009__zbc0261211280008.txt,0,0,0,0,0,,
PMC3366938__pone.0038378.g006.txt,5,4,2,1,2,U,PI3K|PR
PMC3367549__cshperspect-MDV-008151_F2.txt,0,0,0,0,0,,
PMC3367552__cshperspect-SIG-009654_F6.txt,0,0,0,0,0,,
PMC3367558__cshperspect-WNT-008045_F2.txt,0,0,0,0,0,,
PMC3367558__cshperspect-WNT-008045_F3.txt,0,0,0,0,0,,
PMC3367861__nihms374230f1.txt,4,4,2,0,2,,Y|STAT5
PMC3367865__nihms330384f3.txt,18,17,9,1,8,CELL,MEK|H|SEMA3F|C-MYC|C-FOS|C-JUN|AMPK|P120GAP
PMC3368236__fnmol-05-00071-g005.txt,0,0,0,0,0,,
PMC3368902__pone.0038604.g001.txt,0,0,0,0,0,,
PMC3369801__cn-2011-00111m_0008.txt,0,0,0,0,0,,
PMC3369892__mv-v18-1339-f9.txt,3,3,2,0,1,,CRLR
PMC3370224__zbc0251211860009.txt,0,0,0,0,0,,
PMC3370249__zbc0261212310007.txt,0,0,0,0,0,,
PMC3371373__nihms360508f1.txt,6,4,0,2,4,E|J,AC|B|Y|P
PMC3371699__1163fig4.txt,0,0,0,0,0,,
PMC3371765__nihms381869f8.txt,3,2,1,1,1,CELL,ADAM
PMC3372214__zjv9990960690001.txt,0,0,0,0,0,,
PMC3372268__zmb9991095120011.txt,0,0,0,0,0,,
PMC3372387__cc-11-1746-g1.txt,0,0,0,0,0,,
PMC3372922__nihms381555f2.txt,5,4,1,1,3,TIEG,OF|IN|L
PMC3373245__dds12904.txt,6,3,0,3,3,J|NL|E,L|FLN|IN
PMC3374043__nihms357982f3.txt,2,2,0,0,2,,RAL|OF
PMC3374768__pone.0039066.g011.txt,2,2,2,0,0,,
PMC3374974__nihms-339335-f0002.txt,4,1,1,3,0,GFR|CELL|TRAN,
PMC3375273__pone.0038048.g006.txt,5,4,1,1,3,OPG,TRAIL|X|B
PMC3375508__zbc0261212630007.txt,0,0,0,0,0,,
PMC3376044__cib-5-122-g1.txt,3,2,0,1,2,J,Z|PH
PMC3376061__cib-5-190-g1.txt,0,0,0,0,0,,
PMC3376380__nihms373397f1.txt,5,5,2,0,3,,PA|DAG|MEK
PMC3376383__nihms368160f1.txt,12,9,1,3,8,WW45|YAP|CELL,MERLIN|KIBRA|P|MST|WARTS|LATS|MOB|14-3-3
PMC3377643__pone.0039276.g002.txt,0,0,0,0,0,,
PMC3377784__nihms376161f6.txt,3,3,1,0,2,,L|SNAIL
PMC3377785__nihms352294f1.txt,5,5,1,0,4,,CTF2|B|P120|AN
PMC3379801__nos11408.txt,0,0,0,0,0,,
PMC3379883__nihms-384772-f0002.txt,2,2,1,0,1,,IKK
PMC3380363__nihms322806f1.txt,9,9,4,0,5,,H|IF|SGC|PI3K|IN
PMC3380732__1477-5956-10-S1-S15-5.txt,5,4,1,1,3,R,Z|TS|B
PMC3381956__nihms-381274-f0001.txt,1,0,0,1,0,CELL,
PMC3382127__pone.0039592.g007.txt,0,0,0,0,0,,
PMC3382540__pnas.1117640S109fig01.txt,0,0,0,0,0,,
PMC338282__73198-06f8_L1OT_rev1.txt,3,3,3,0,0,,
PMC3382892__onci-1-516-g2.txt,9,8,2,1,6,CELL,BCL-2|S|Y|ET|TOR|L
PMC3383846__10.1177_0022034512437372-fig2.txt,1,1,1,0,0,,
PMC3384069__carcinbgr305f01_4c.txt,1,0,0,1,0,R,
PMC3384380__dds13202.txt,0,0,0,0,0,,
PMC3384410__JCB_201109091_Fig6.txt,0,0,0,0,0,,
PMC3384423__neo1405_0360_fig001.txt,0,0,0,0,0,,
PMC3384423__neo1405_0360_fig004.txt,0,0,0,0,0,,
PMC3385931__nihms378349f2.txt,5,4,0,1,4,FOR,L|OF|P|CHK2
PMC3386560__nihms363895f8.txt,2,1,0,1,1,CELL,L
PMC3387977__nihms381454f3.txt,7,6,3,1,3,OR,P|MK|PKC
PMC3388125__12_093_patelf5.txt,0,0,0,0,0,,
PMC3388731__ijbmb0003-0117-f5.txt,2,2,2,0,0,,
PMC3390208__nihms-385665-f0008.txt,4,4,1,0,3,,GLUA1|AM|PARS
PMC3390346__pone.0040255.g008.txt,0,0,0,0,0,,
PMC3390678__zbc0291214330008.txt,1,0,0,1,0,U,
PMC3390788__nihms315743f4.txt,4,2,0,2,2,E|R,B|CORD
PMC3391878__JMedLife-05-168-g001.txt,1,0,0,1,0,CELL,
PMC3391993__1479-5876-10-85-1.txt,0,0,0,0,0,,
PMC3392028__nihms219131f1.txt,23,18,9,5,9,HOXA10|MOZ|YAP|DLX3|HOXA2,BAPX1|P300|CBP|GRG|SMAD1|TAZ|SATB2|MSC|L
PMC3392028__nihms219131f3.txt,39,30,13,9,17,R|CA|MP2|JNK|P39|AST|EPHB4|WNT9A|E,ET|TNS|Y|L|FP|AP-1|P|PKD|PKC|S|ENX|HO|C-MYC|CK1|OST|SATB2|P300
PMC3392049__72-joint_summit_t2012f3.txt,3,1,1,2,0,J|R,
PMC3392173__nihms-341562-f0001.txt,0,0,0,0,0,,
PMC3392199__nihms284621f1.txt,4,3,1,1,2,RED,B|TN
PMC3392816__ar3705-5.txt,1,1,0,0,1,,LN
PMC3393606__1756-0500-5-268-6.txt,1,0,0,1,0,J,
PMC3393662__pone.0040566.g008.txt,10,5,3,5,2,SHP2|J|P13|JNK|PIP,Y|P38
PMC3393825__nihms367853f2.txt,1,0,0,1,0,CLPP,
PMC3395309__CHRP2012-268681.004.txt,1,1,0,0,1,,TSP-1
PMC3395658__2692fig7.txt,10,7,2,3,5,C35|TPK1|E,B|CO|L|IF|RS
PMC3396054__TORJ-6-156_F3.txt,0,0,0,0,0,,
PMC3396691__viru-3-109-g1.txt,3,2,1,1,1,E,L
PMC3397482__ijms-13-06561f2.txt,0,0,0,0,0,,
PMC3397502__ijms-13-06883f7.txt,0,0,0,0,0,,
PMC3397862__zbc0311216140007.txt,4,3,2,1,1,INSC,X
PMC3397898__zbc0301211300006.txt,6,4,1,2,3,NE|J,S|ET|RAI
PMC3398046__pone.0040676.g005.txt,0,0,0,0,0,,
PMC3398165__nihms-361363-f0004.txt,2,1,1,1,0,NCS,
PMC3398381__nihms389957f2.txt,9,7,2,2,5,R|E2,LN|S|P|B|ROS
PMC3398461__nihms386791f2.txt,2,1,0,1,1,R,OF
PMC3398465__nihms384614f4.txt,4,3,1,1,2,ECM,PM|L
PMC3398478__PC_096156_wc_f1.txt,2,2,0,0,2,,FI|I-1
PMC3398840__nihms383023f6.txt,4,3,2,1,1,CELL,PI3K
PMC3399319__ijbsv08p0964g01.txt,0,0,0,0,0,,
PMC3399319__ijbsv08p0964g03.txt,0,0,0,0,0,,
PMC3399380__CHRP2012-648965.002.txt,0,0,0,0,0,,
PMC3399428__MBI2012-307628.001.txt,0,0,0,0,0,,
PMC3399428__MBI2012-307628.002.txt,0,0,0,0,0,,
PMC3399452__IJCB2012-595976.001.txt,0,0,0,0,0,,
PMC3399452__IJCB2012-595976.002.txt,0,0,0,0,0,,
PMC3399969__nihms380694f5.txt,0,0,0,0,0,,
PMC3400665__pone.0041426.g008.txt,0,0,0,0,0,,
PMC3400838__zmo0081266080008.txt,0,0,0,0,0,,
PMC3400851__WJG-18-3502-g001.txt,0,0,0,0,0,,
PMC3402285__ASN.2011111123f7.txt,7,3,0,4,3,TP|J|NA|E,CD11B|B|Y
PMC3402304__1978fig6.txt,0,0,0,0,0,,
PMC3402511__pone.0040028.g004.txt,0,0,0,0,0,,
PMC3403928__1687-4153-2012-4-4.txt,0,0,0,0,0,,
PMC3404158__nihms369788f2a.txt,0,0,0,0,0,,
PMC3404564__zh10091265220003.txt,2,2,2,0,0,,
PMC3404671__ehp.1104833.g006.txt,0,0,0,0,0,,
PMC3404876__cc-11-2452-g1.txt,6,4,1,2,3,LE|CELL,OF|AN|IN
PMC3404876__cc-11-2452-g2.txt,6,6,5,0,1,,RKIP
PMC3404972__pone.0041596.g007.txt,0,0,0,0,0,,
PMC3405105__pone.0040999.g007.txt,9,8,3,1,5,CELL,PKC|LKB1|AMPK|ERK|FAK
PMC3405272__z380081288400009.txt,0,0,0,0,0,,
PMC3405713__psb-7-273-g1.txt,2,2,0,0,2,,ER|SIP
PMC3405730__nihms389960f2.txt,4,2,0,2,2,POLL|E,L|CO
PMC3405863__cshperspect-SIG-005975_F4.txt,0,0,0,0,0,,
PMC3405869__cshperspect-WNT-008078_F5.txt,0,0,0,0,0,,
PMC3407218__pone.0038375.g005.txt,1,1,0,0,1,,CSA
PMC3407375__nihms388184f3.txt,10,7,5,3,2,USF1|E|MIR-21,P53|B
PMC3407377__nihms388183f1.txt,5,3,2,2,1,CF|J,MAD
PMC3407377__nihms388183f2.txt,1,0,0,1,0,E,
PMC3407377__nihms388183f3.txt,4,2,2,2,0,J1|NFL,
PMC3407530__1471-2407-12-203-5.txt,3,3,1,0,2,,BLIMP1|SURVIVIN
PMC3408231__nihms362522f7.txt,3,2,1,1,1,TTL,HSC
PMC3408479__pone.0039120.g008.txt,9,7,1,2,6,J|EL,ER|PERK|L|CHOP|GRP78|KI
PMC3409292__nihms390720f3.txt,4,3,1,1,2,BRE,B|P9
PMC3409471__nihms390398f2.txt,18,9,6,9,3,CELL|PI3|E|FACE|U|NIN|TENM|R|IL-6,L|P|FI
PMC3409633__zgb0031255630001.txt,0,0,0,0,0,,
PMC3410582__ajcr0002-0434-f1.txt,4,2,0,2,2,R|CELL,P21|ERK
PMC3410857__pgen.1002864.g007.txt,3,1,0,2,1,CA|R,UNC-43
PMC3411131__10.1177_1947601911432334-fig3.txt,2,1,0,1,1,RASIP,PAR3
PMC3411810__pone.0042598.g006.txt,6,4,2,2,2,E|J,P|ERK
PMC3412266__fimmu-03-00241-g001.txt,0,0,0,0,0,,
PMC3412517__nihms390627f1.txt,3,3,3,0,0,,
PMC3412625__nihms392558f6.txt,7,6,6,1,0,NF-KB,
PMC3412645__oncsis201212f6.txt,7,3,2,4,1,DAMAGE|D1|R|CELL,P53
PMC3412720__1479-5876-10-116-3.txt,8,4,1,4,3,R|U|CELL|J,L|S|CG
PMC3412720__1479-5876-10-116-4.txt,3,0,0,3,0,U|E|NE,
PMC3413921__nihms372812f1.txt,4,3,1,1,2,CELL,MERLIN|L
PMC3413998__BMR2012-270425.005.txt,0,0,0,0,0,,
PMC3413998__BMR2012-270425.006.txt,0,0,0,0,0,,
PMC3414439__pone.0042573.g004.txt,0,0,0,0,0,,
PMC3414724__fimmu-03-00224-g002.txt,3,3,1,0,2,,PI|L
PMC3414724__fimmu-03-00224-g004.txt,0,0,0,0,0,,
PMC3415084__JP2012-631038.002.txt,0,0,0,0,0,,
PMC3415470__nihms393627f6.txt,1,1,0,0,1,,ON
PMC3415586__nihms373163f1.txt,3,1,0,2,1,R|DC,GM-CSF
PMC3416961__nihms368117f1.txt,0,0,0,0,0,,
PMC3417165__fimmu-03-00245-g001.txt,0,0,0,0,0,,
PMC3417165__fimmu-03-00245-g002.txt,4,2,0,2,2,E|OX,L|HL
PMC3417373__fcimb-01-00021-g004.txt,0,0,0,0,0,,
PMC3418676__nihms397212f1.txt,7,6,1,1,5,LA,FAT|Y|P|WARTS|B
PMC3418714__zh89991294640002.txt,0,0,0,0,0,,
PMC3418714__zh89991294640003.txt,0,0,0,0,0,,
PMC3418731__zii9990997740003.txt,1,1,0,0,1,,B
PMC3418756__zii9990997840006.txt,0,0,0,0,0,,
PMC3418847__zjw0061241440002.txt,0,0,0,0,0,,
PMC3419804__nihms372177f1.txt,2,0,0,2,0,J|CELL,
PMC3420937__pgen.1002881.g006.txt,9,6,1,3,5,SEM|J|GO,L|PI3K|PIP1|MEK|H
PMC3421022__12079_2012_168_Fig1_HTML.txt,1,0,0,1,0,R,
PMC3421063__nihms-398439-f0002.txt,6,5,0,1,5,E,VEGF-A|P|VEGF|ILF|ET
PMC3421445__msb201230-f1.txt,0,0,0,0,0,,
PMC3422314__pone.0042127.g006.txt,2,1,1,1,0,U,
PMC3423373__pone.0037046.g008.txt,6,4,2,2,2,R|U,L|DI
PMC3423502__nihms394881f6.txt,1,1,0,0,1,,P
PMC3423861__zh50151261570007.txt,0,0,0,0,0,,
PMC3424042__DEV079525F8.txt,12,8,5,4,3,SIM|E|R|VMAT,SIP|B|5-HT1A
PMC3425953__nihms398364f1.txt,3,3,1,0,2,,S|B
PMC3425953__nihms398364f2.txt,4,4,3,0,1,,B
PMC3425953__nihms398364f3.txt,5,4,2,1,2,E,B|S
PMC3426219__nihms394813f2.txt,6,6,2,0,4,,B|Z|L|EMT
PMC3426292__nihms-398765-f0001.txt,0,0,0,0,0,,
PMC3426490__1471-2334-12-125-2.txt,5,1,1,4,0,LI|R|U|J,
PMC3426662__nihms371575f4.txt,3,3,1,0,2,,DELTA|CORD
PMC3427262__auto-8-970-g1.txt,0,0,0,0,0,,
PMC3427288__epi-7-930-g5.txt,0,0,0,0,0,,
PMC3427289__epi-7-940-g6.txt,0,0,0,0,0,,
PMC3427312__pone.0043874.g008.txt,0,0,0,0,0,,
PMC3427795__nihms-284990-f0001.txt,3,3,0,0,3,,B|PI3K|L
PMC3427885__hep0052-0443-f4.txt,1,1,1,0,0,,
PMC3428242__ott-5-153f1.txt,0,0,0,0,0,,
PMC3428657__1471-2164-13-306-1.txt,0,0,0,0,0,,
PMC3429047__fphys-03-00273-g0005.txt,0,0,0,0,0,,
PMC3430210__ijms-13-07886f1.txt,0,0,0,0,0,,
PMC3430251__ijms-13-08562f5.txt,0,0,0,0,0,,
PMC3430985__nihms-401334-f0001.txt,3,2,1,1,1,GEF,P
PMC3431105__OXIMED2012-608478.001.txt,0,0,0,0,0,,
PMC3431500__fonc-02-00109-g001.txt,0,0,0,0,0,,
PMC3431883__ijms-13-10647f3.txt,1,0,0,1,0,J,
PMC3432052__pone.0043898.g007.txt,2,1,0,1,1,PEDF,VEGF
PMC3432059__pone.0043955.g006.txt,0,0,0,0,0,,
PMC3432093__pone.0044107.g011.txt,0,0,0,0,0,,
PMC3432194__tp201280f2.txt,0,0,0,0,0,,
PMC3432438__gr6.txt,0,0,0,0,0,,
PMC3432501__nihms159254f1.txt,7,6,2,1,4,OR,TRAF6|IK|MEKK|IKK
PMC3432564__ukmss-49846-f0002.txt,1,1,0,0,1,,MR
PMC3433278__nihms-355255-f0007.txt,6,3,1,3,2,R|E|HR,B|PKC
PMC3433406__nihms386618f3.txt,16,10,2,6,8,R|CADHERIN|INE|II|JN|OR,P|L|ON|P53|H|H2|P38|S
PMC3434281__nihms369481f6.txt,0,0,0,0,0,,
PMC3434350__cr201285f1.txt,2,1,0,1,1,R,L
PMC3434772__zjw0081242390005.txt,0,0,0,0,0,,
PMC3436110__DEV082222F3.txt,0,0,0,0,0,,
PMC3436188__zbc0371221010008.txt,0,0,0,0,0,,
PMC3436227__971281.fig2.txt,2,2,0,0,2,,L|OF
PMC3436276__zbc0351219890007.txt,3,3,2,0,1,,H
PMC3436582__zbc0371221070010.txt,10,6,2,4,4,PIP|LI|R|J,ANG|C-ABL|S|P
PMC3436697__2049-1891-3-23-5.txt,3,2,1,1,1,J,OF
PMC3436998__nihms376498f1.txt,9,8,2,1,6,R,FI|S|TNFA|Y|B|TRAIL
PMC3437822__pnas.1212547109fig04.txt,0,0,0,0,0,,
PMC3438932__zbc0391223260007.txt,2,1,0,1,1,R,IF
PMC3440011__fig-1.txt,0,0,0,0,0,,
PMC3440220__PP_200527_wc_f2.txt,0,0,0,0,0,,
PMC3440368__pone.0044856.g007.txt,5,5,3,0,2,,L|A1
PMC3440553__nihms387341f1.txt,3,2,0,1,2,J,B|TOR
PMC3440590__bies0034-0542-f1.txt,3,1,0,2,1,CELL|FATE,B
PMC3440872__nihms347997f4.txt,8,7,5,1,2,R,L|PL
PMC3441127__dds26501.txt,8,6,2,2,4,E|NA,B|L|IP|AS
PMC3441314__zgb0101257090006.txt,0,0,0,0,0,,
PMC3441384__1743-8977-9-20-4.txt,0,0,0,0,0,,
PMC3442418__3722fig8.txt,6,5,2,1,3,J,MEK|ERK|P35
PMC3442865__psb-7-675-g1.txt,0,0,0,0,0,,
PMC3443607__IJI2012-678190.004.txt,2,1,0,1,1,PROT,IN
PMC3443855__nihms392256f7.txt,5,3,2,2,1,CELL|E,L
PMC3443857__nihms339414f1.txt,4,3,2,1,1,CELL,PR
PMC3444139__fmicb-03-00334-g003.txt,0,0,0,0,0,,
PMC3444437__1477-7827-10-58-9.txt,0,0,0,0,0,,
PMC3444627__nihms-402572-f0001.txt,3,2,2,1,0,CELL,
PMC3445042__nihms402300f3.txt,16,13,8,3,5,SOX3|E|GAL4,OF|IN|HUC|B|BLBP
PMC3445042__nihms402300f7.txt,9,6,4,3,2,R|CELL|SOX3,BLBP|X
PMC3445623__pone.0044973.g002.txt,0,0,0,0,0,,
PMC3445776__nihms-385597-f0001.txt,3,3,1,0,2,,PR|L
PMC3446243__nihms388815f1.txt,4,1,1,3,0,CA|TLF|CELL,
PMC3446243__nihms388815f2.txt,7,4,3,3,1,INE|LI|APO,L
PMC3448082__nutrients-04-00967-g001.txt,0,0,0,0,0,,
PMC3448567__zh89991292500003.txt,0,0,0,0,0,,
PMC3448731__pone.0045976.g006.txt,0,0,0,0,0,,
PMC3454321__pone.0045842.g005.txt,0,0,0,0,0,,
PMC3454471__nihms351530f8.txt,10,8,2,2,6,J|OR,IN|PP2|L|LKB1|CHK2|OF
PMC3458271__fphys-03-00376-g0002.txt,6,2,1,4,1,EPHB|R|AE|E,EMT
PMC3461296__NRI2012-878030.002.txt,0,0,0,0,0,,
PMC3461903__JCI61205.f2.txt,3,3,0,0,3,,P|L|B
PMC3461933__JCI66058.f1.txt,0,0,0,0,0,,
PMC3462323__fpls-03-00219-g003.txt,0,0,0,0,0,,
PMC3462653__nihms169248f1.txt,10,4,1,6,3,TUB|RELL|R|ADO|J|PAGE,CRAM|IMD|Y
PMC3462743__pone.0046216.g006.txt,0,0,0,0,0,,
PMC3464048__nihms-406046-f0001.txt,0,0,0,0,0,,
PMC3464112__1197f4.txt,1,1,1,0,0,,
PMC3464266__pone.0046887.g002.txt,0,0,0,0,0,,
PMC3464875__1476-4598-11-24-7.txt,1,0,0,1,0,J,
PMC3465263__pone.0046719.g010.txt,4,2,0,2,2,J|U,L|P
PMC3465289__pone.0045049.g002.txt,0,0,0,0,0,,
PMC3465961__IJEB2012-548081.001.txt,9,6,0,3,6,J|CGM|TED,P|L|CHA|S|H|B
PMC3466241__pone.0044686.g007.txt,0,0,0,0,0,,
PMC3467008__nihms401232f5.txt,2,1,0,1,1,R,L
PMC3469060__cdd201260f6.txt,0,0,0,0,0,,
PMC3469159__nihms-411756-f0003.txt,3,3,2,0,1,,EPI
PMC3469587__zh50201262040007.txt,1,1,1,0,0,,
PMC3469622__pone.0046725.g001.txt,3,1,0,2,1,E|LE,A1
PMC3469665__zh60191280360005.txt,0,0,0,0,0,,
PMC3469843__lar-28-155-g002.txt,0,0,0,0,0,,
PMC3470885__nihms-399227-f0008.txt,0,0,0,0,0,,
PMC3471537__nihms406899f4.txt,10,10,4,0,6,,HER2|P85|P|P1|OF|PR
PMC3472294__1471-2164-13-348-3.txt,2,1,0,1,1,U,B
PMC3472464__zh70191237630006.txt,3,3,0,0,3,,H|L|TN
PMC3472468__zh70191237670004.txt,0,0,0,0,0,,
PMC3472558__CHRP2012-198197.001.txt,0,0,0,0,0,,
PMC3473206__zee0111267520007.txt,0,0,0,0,0,,
PMC3474327__nihms354873f4.txt,5,4,1,1,3,JNK,B|ERK|P38
PMC3475297__fgene-03-00218-g0001.txt,0,0,0,0,0,,
PMC3476325__zbc0441226970009.txt,3,2,1,1,1,R2,P42
PMC3476735__nihms399340f5.txt,6,4,1,2,3,J|OR,L|OF|IN
PMC3477470__nihms409809f7.txt,1,0,0,1,0,LE,
PMC3478260__cam-6-374-g4.txt,4,1,0,3,1,E|R|LA,L
PMC3478307__cc-11-3559-g2.txt,1,0,0,1,0,CELL,
PMC3478512__18_2012_991_Fig3_HTML.txt,39,30,16,9,14,NPB|ST|R|KREMEN2|KCTD|EPH|J|SERRATE|LRIG3,MIG|IN|ERK|DELTA|B|Z|NP|TSK|L|S|SMAD1|ADAM|SFRP2|PA
PMC3478512__18_2012_991_Fig4_HTML.txt,34,26,15,8,11,NPB|ST|ERK1|NLN|PNC|R|J|JNK,NP|MIG|CAB|B|ERK|DELTA|CI|P|SFRP2|FRZB1|H
PMC3478617__pnas.1204311S109fig01.txt,0,0,0,0,0,,
PMC3478688__DEV083428F4.txt,5,5,0,0,5,,TYPE|UNC-43|B|H|LGA
PMC3479556__pnas.1214113109fig01.txt,3,1,0,2,1,E|J,B
PMC3480306__PC_103267_wc_f6.txt,0,0,0,0,0,,
PMC3480380__pone.0047067.g008.txt,0,0,0,0,0,,
PMC3480403__pone.0047773.g002.txt,0,0,0,0,0,,
PMC3480408__pone.0047797.g006.txt,1,1,1,0,0,,
PMC3481134__cddis2012146f7.txt,0,0,0,0,0,,
PMC3481284__zbc0421225210008.txt,0,0,0,0,0,,
PMC3483025__fpls-03-00236-g010.txt,0,0,0,0,0,,
PMC3484431__JCI59348.f9.txt,0,0,0,0,0,,
PMC3484676__1459f3.txt,0,0,0,0,0,,
PMC3485417__nihms-393074-f0001.txt,2,2,1,0,1,,L
PMC3486458__zjv9990967550007.txt,1,1,1,0,0,,
PMC3487108__nihms346588f7.txt,1,1,0,0,1,,P
PMC3487967__1471-2105-13-218-2.txt,0,0,0,0,0,,
PMC3488210__gks699f5.txt,1,1,0,0,1,,Z
PMC3488630__AJRCMB474395fig2.txt,0,0,0,0,0,,
PMC3489642__psb-7-1121-g2.txt,6,6,1,0,5,,H|P|B|GA|ON
PMC3489927__nihms371721f6.txt,5,4,1,1,3,ERK1,SCF|PP1|L
PMC3490576__PP_202358_gs_f8.txt,6,5,0,1,5,RH,H|L|P|S|PI
PMC3490586__PP_204503_lw_f10.txt,0,0,0,0,0,,
PMC3491533__ctg201217f8.txt,0,0,0,0,0,,
PMC3492204__1750-1172-7-27-5.txt,0,0,0,0,0,,
PMC3492858__zh10221266850008.txt,0,0,0,0,0,,
PMC3493591__pone.0048935.g005.txt,0,0,0,0,0,,
PMC3493907__zbc0491230640007.txt,2,1,0,1,1,R,L
PMC3493915__zbc0471229380007.txt,5,3,0,2,3,CELL|LI,L|FAK|ERK
PMC3494369__10.1177_1947601912455324-fig1.txt,3,2,1,1,1,CELL,ENT
PMC3494542__1479-5876-10-183-3.txt,0,0,0,0,0,,
PMC3494627__onci-1-1146-g3.txt,3,2,1,1,1,CELL,P65
PMC3496019__nihms-404973-f0001.txt,0,0,0,0,0,,
PMC3496019__nihms-404973-f0006.txt,0,0,0,0,0,,
PMC3496286__nihms390108f1.txt,3,2,1,1,1,CELL,L
PMC3496878__WJG-18-6005-g001.txt,0,0,0,0,0,,
PMC3496878__WJG-18-6005-g004.txt,6,2,0,4,2,J|AII|NSL|CELL,L|TR
PMC3496878__WJG-18-6005-g005.txt,1,0,0,1,0,CELL,
PMC3497295__ijms-13-12710f1.txt,0,0,0,0,0,,
PMC3497314__ijms-13-13104f1.txt,0,0,0,0,0,,
PMC3497784__pnas.1208396109fig01.txt,0,0,0,0,0,,
PMC3497822__pnas.1205661109fig07.txt,0,0,0,0,0,,
PMC3497822__pnas.1205661S109fig01.txt,0,0,0,0,0,,
PMC3499080__toxsci_kfs193_f0002.txt,4,4,1,0,3,,OT|H|ROS
PMC3499189__1743-7075-9-74-3.txt,2,1,1,1,0,CELL,
PMC3499976__nihms384184f1.txt,14,7,1,7,6,CELL|FATE|R|PSD|MT|E|CHR,B|OF|P|SSA|S|MU
PMC3500394__nihms-394526-f0001.txt,5,3,1,2,2,CELL|R,L|C-MYC
PMC3500853__nihms416992f3.txt,18,13,4,5,9,PEN|E|R|J|CELL,B|EP|BII|VEGF|VEGFR2|FAK|DP|OF|L
PMC3501582__nihms409189f2.txt,1,1,0,0,1,,L
PMC3501616__nihms402023f4.txt,9,5,4,4,1,J|ARHGAP29|E|GEF,EMT
PMC3502106__1742-9994-9-16-5.txt,0,0,0,0,0,,
PMC3502344__pone.0050185.g007.txt,2,2,0,0,2,,L|P44
PMC3502657__nihms404774f2.txt,2,1,0,1,1,CELL,TOR
PMC3504253__LRT2011-329572.002.txt,0,0,0,0,0,,
PMC3504487__nihms418878f9.txt,3,1,0,2,1,ANT|E,S
PMC3504715__cdd201291f8.txt,3,2,1,1,1,J,Y
PMC3506052__i1552-5783-53-12-7746-f07.txt,0,0,0,0,0,,
PMC3506267__2050-6511-13-3-2.txt,1,1,0,0,1,,B
PMC3506961__fnbeh-06-00079-g0005.txt,5,3,0,2,3,J|MS,B|H|L
PMC3507288__bio-01-03-261-f03.txt,1,1,0,0,1,,B
PMC3507315__MI2012-563709.002.txt,0,0,0,0,0,,
PMC3507315__MI2012-563709.003.txt,0,0,0,0,0,,
PMC3507315__MI2012-563709.006.txt,0,0,0,0,0,,
PMC3507315__MI2012-563709.009.txt,0,0,0,0,0,,
PMC3507479__cc-11-3909-g1.txt,19,15,4,4,11,CELL|CA|ERK1|R,PI3K|PA|P|AS|TS|MEK1|NFAT|B|4E-BP1|TH1|H
PMC3507493__cc-11-3972-g14.txt,1,1,1,0,0,,
PMC3508147__nihms413894f2.txt,0,0,0,0,0,,
PMC3508164__nihms411023f12.txt,1,1,0,0,1,,L
PMC3508196__nihms-398021-f0001.txt,18,18,11,0,7,,ER|S|L|PL|MEK|SPRY|ERK
PMC3508405__fphys-03-00452-g0001.txt,0,0,0,0,0,,
PMC3508514__nihms421465f2.txt,3,2,1,1,1,OR,OF
PMC3508514__nihms421465f3.txt,5,4,1,1,3,R,HET|AS|PI3K
PMC3508522__nihms396062f3.txt,8,5,3,3,2,E|J|R,ON|SMA
PMC3510657__nihms421042f1.txt,5,4,1,1,3,R,L|S|PERK
PMC3510811__zbc0521232590008.txt,1,1,0,0,1,,CD
PMC3510826__zbc0511232250008.txt,17,13,5,4,8,ADP|J|CA2|GEF,AC|DAG|MLC|PKC|H|PI3K|L|APE
PMC3511325__pone.0050874.g009.txt,3,3,2,0,1,,B
PMC3511450__pone.0050085.g002.txt,0,0,0,0,0,,
PMC3512134__1165fig7.txt,0,0,0,0,0,,
PMC3513309__pone.0050221.g003.txt,6,2,1,4,1,CELL|CD79B|PAG|OS,B
PMC3513920__nihms406195f12.txt,5,3,0,2,3,U|E,B|H|B1
PMC3513982__fig-1.txt,0,0,0,0,0,,
PMC3513982__fig-6.txt,0,0,0,0,0,,
PMC3516830__fgene-03-00286-g0002.txt,0,0,0,0,0,,
PMC3516847__nihms419803f1.txt,6,4,1,2,3,E|GD,B|PKC|L
PMC3517183__nihms-421438-f0001.txt,1,0,0,1,0,R,
PMC3517193__nihms414800f1.txt,14,9,4,5,5,CA|J|MT|OR|CELL,AS|PI|MEK|P|B
PMC3517549__pone.0051657.g001.txt,0,0,0,0,0,,
PMC3517549__pone.0051657.g003.txt,0,0,0,0,0,,
PMC3517549__pone.0051657.g005.txt,0,0,0,0,0,,
PMC3518257__ECAM2012-278652.007.txt,0,0,0,0,0,,
PMC3518872__nihms-416085-f0004.txt,5,4,2,1,2,U,Z|Y
PMC3518872__nihms-416085-f0006.txt,1,1,0,0,1,,B
PMC3520155__nihms425970f8.txt,0,0,0,0,0,,
PMC3520483__fphys-03-00468-g0001.txt,0,0,0,0,0,,
PMC3520483__fphys-03-00468-g0002.txt,1,1,0,0,1,,PP
PMC3520613__nihms425617f5.txt,1,1,0,0,1,,P
PMC3520885__sgtp-3-219-g2.txt,1,1,1,0,0,,
PMC3520888__sgtp-3-236-g1.txt,3,2,2,1,0,R,
PMC3521148__fendo-03-00162-g004.txt,0,0,0,0,0,,
PMC3521217__1471-2164-13-S7-S25-4.txt,1,1,0,0,1,,L
PMC3521658__ppat.1003062.g008.txt,0,0,0,0,0,,
PMC3522553__1471-2105-13-186-1.txt,3,3,0,0,3,,S|TR|OF
PMC3522877__bio-01-12-1169-f08.txt,5,4,1,1,3,CELL,IN|H|SMA
PMC3523093__nihms-393916-f0001.txt,0,0,0,0,0,,
PMC3523725__nihms425522f7.txt,2,2,0,0,2,,FZR|L
PMC3524194__cc-11-4097-g1.txt,8,6,3,2,3,YAP|CELL,LPA|S1P|TAZ
PMC3524355__nihms402297f2.txt,1,0,0,1,0,CELL,
PMC3525024__zh89991295950007.txt,0,0,0,0,0,,
PMC3525723__nihms408902f2.txt,10,7,4,3,3,J|U|II,S|L|S2
PMC3526732__fphys-03-00464-g001.txt,0,0,0,0,0,,
PMC3527976__zbc0021334140002.txt,0,0,0,0,0,,
PMC3528090__fig-4.txt,0,0,0,0,0,,
PMC3528779__pone.0052172.g006.txt,0,0,0,0,0,,
PMC3529343__DMM008821F8.txt,0,0,0,0,0,,
PMC3529366__zee0011368290006.txt,6,5,3,1,2,DCN,PR|H
PMC3529395__nihms425483f6.txt,0,0,0,0,0,,
PMC3529674__1756-8722-5-66-5.txt,0,0,0,0,0,,
PMC3530037__cshperspectmed-ANG-006569_F3.txt,0,0,0,0,0,,
PMC3530847__nihms427843f10.txt,0,0,0,0,0,,
PMC3531794__nihms427033f1.txt,12,9,6,3,3,EBI3|PD-L1|CELL,P28|GP130|AK1
PMC3531865__PC_105312_lw_f7.txt,0,0,0,0,0,,
PMC3532163__pone.0053129.g004.txt,0,0,0,0,0,,
PMC3532475__zh20241267810006.txt,0,0,0,0,0,,
PMC3532876__OXIMED2012-932838.002.txt,0,0,0,0,0,,
PMC3533466__mol.112.081497f5.txt,0,0,0,0,0,,
PMC3533470__mol.112.081760f7.txt,0,0,0,0,0,,
PMC3533556__JCI64896.f7.txt,0,0,0,0,0,,
PMC3534691__pone.0053444.g008.txt,0,0,0,0,0,,
PMC3535741__DRT2012-752563.001.txt,0,0,0,0,0,,
PMC3538028__gr7.txt,0,0,0,0,0,,
PMC3538329__zh89991200900001.txt,0,0,0,0,0,,
PMC3538588__pone.0053522.g008.txt,0,0,0,0,0,,
PMC3538621__1743-422X-9-126-2.txt,0,0,0,0,0,,
PMC3539134__fendo-03-00181-g0002.txt,2,1,1,1,0,E,
PMC3539134__fendo-03-00181-g0003.txt,1,0,0,1,0,J,
PMC3539252__fig-3.txt,1,1,0,0,1,,L
PMC3539509__medscimonit-17-4-RA100-g002.txt,0,0,0,0,0,,
PMC3539548__medscimonit-17-6-RA148-g001.txt,0,0,0,0,0,,
PMC3539662__fimmu-03-00401-g001.txt,0,0,0,0,0,,
PMC3539953__1471-2164-13-279-5.txt,0,0,0,0,0,,
PMC3540819__JTR2012-818204.001.txt,0,0,0,0,0,,
PMC3541267__1755-1536-5-20-3.txt,0,0,0,0,0,,
PMC3541279__pone.0053230.g002.txt,0,0,0,0,0,,
PMC3541279__pone.0053230.g005.txt,2,0,0,2,0,HR|TNFR1,
PMC3541667__cr2012119f5.txt,0,0,0,0,0,,
PMC3543320__pone.0054125.g008.txt,0,0,0,0,0,,
PMC3543627__zh20021368080010.txt,0,0,0,0,0,,
PMC3543749__11357_2011_9340_Fig1_HTML.txt,0,0,0,0,0,,
PMC3544113__zh89991200730001.txt,9,7,3,2,4,II|R,TN|X|NEMO|FE
PMC3544245__ijcep0006-0168-f5.txt,8,6,1,2,5,E|CTLN,B|P38|Z|DP|L5
PMC3544400__nihms421766f7.txt,10,7,2,3,5,E|IRK|L1,B|OF|RO|GPCR|GA
PMC3545208__zmg0011351210009.txt,0,0,0,0,0,,
PMC3545399__nihms424897f6.txt,10,7,3,3,4,JNK|U|R,ROS|PERK|BIP|GA
PMC3546138__nihms418921f5.txt,15,10,5,5,5,NG|E|PT1|PS6K|II,B|SC4MOL|HRS|L|ERK
PMC3547518__cn-2012-00186b_0004.txt,1,1,0,0,1,,TR
PMC3547545__ebo-9-2013-001f1.txt,0,0,0,0,0,,
PMC3547545__ebo-9-2013-001f2.txt,1,0,0,1,0,E,
PMC3547545__ebo-9-2013-001f7.txt,0,0,0,0,0,,
PMC3548020__nihms406370f1.txt,8,6,0,2,6,II|J,ANG|L|LAR|ERK|P42|P44
PMC3548178__zee0021368930007.txt,9,6,1,3,5,NHE3|J|CA,P|S|PI3K|Y|PKCA
PMC3548460__zbc0061336990003.txt,0,0,0,0,0,,
PMC3548572__nihms331373f2.txt,1,1,0,0,1,,P38
PMC3549968__JCB_201207036_Fig9.txt,0,0,0,0,0,,
PMC3551737__1748-717X-7-205-8.txt,0,0,0,0,0,,
PMC3552145__nihms-425513-f0010.txt,9,7,3,2,4,NG|NF-KB,B|H|LPS|OF
PMC3552917__cc-11-4344-g2.txt,15,14,10,1,4,CELL,DELTA|ADAM|PS1|PS2
PMC3553273__nihms405864f2.txt,1,1,0,0,1,,ERK
PMC3553295__nihms416112f3.txt,0,0,0,0,0,,
PMC3554567__pgen.1003109.g004.txt,15,10,5,5,5,E|U|FOR|CELL|J,ON|SA|H|IN|OF
PMC3554743__pone.0054111.g003.txt,0,0,0,0,0,,
PMC3554769__pone.0053663.g001.txt,6,3,1,3,2,ROM|R|J,L|Y
PMC3555267__cjcr-24-02-083-f2.txt,18,9,2,9,7,FAC|R|NS|J|TAKL|JNK|SAPK|CELL|LE,TOR|L|GPCR|RAB|MKK4|C-JUN|P38
PMC3556819__nihms-435125-f0017.txt,0,0,0,0,0,,
PMC3557298__pone.0054762.g004.txt,2,0,0,2,0,II|J,
PMC3557825__nihms-266932-f0001.txt,12,11,3,1,8,IL-6,OF|AP-1|HIF-1|ER|PI3K|GLUT|TN|MCP-1
PMC3558493__pone.0055211.g008.txt,0,0,0,0,0,,
PMC355851__zmb0060413650008.txt,6,6,3,0,3,,X|L|DL
PMC355855__zmb0060414880010.txt,7,7,3,0,4,,B|CG|S|P
PMC3559548__pone.0055487.g009.txt,1,1,0,0,1,,MSC
PMC3560972__2001-1326-1-24-5.txt,0,0,0,0,0,,
PMC3561537__zbc0071337540006.txt,0,0,0,0,0,,
PMC3561798__JCI65642.f6.txt,0,0,0,0,0,,
PMC3561807__JCI63324.f9.txt,0,0,0,0,0,,
PMC3561831__JCI64595.f3.txt,0,0,0,0,0,,
PMC3562341__pone.0050695.g004.txt,0,0,0,0,0,,
PMC3562679__IJN2013-954956.001.txt,0,0,0,0,0,,
PMC3564524__210fig10.txt,5,3,1,2,2,LP|J,L|CD
PMC3564525__385fig9.txt,4,3,0,1,3,PLP2,H|OF|PLP
PMC3565105__zef0061228240001.txt,0,0,0,0,0,,
PMC3565315__ijms-14-01179f1.txt,0,0,0,0,0,,
PMC3565315__ijms-14-01179f2.txt,0,0,0,0,0,,
PMC3565434__nihms-273633-f0008.txt,0,0,0,0,0,,
PMC3566061__pone.0056025.g004.txt,0,0,0,0,0,,
PMC3566147__pone.0052088.g013.txt,22,14,2,8,12,R|J|U|L9|LP|UL|NTG|OR,L|SA|RN|S|IF|LU|Z|B|IP|H|OK|P
PMC3566170__pone.0054374.g008.txt,10,6,1,4,5,BTL|CELL|JNK|J,NAC|DYS|L|PARP|CAS
PMC3566487__zh40041306540008.txt,0,0,0,0,0,,
PMC3566645__nihms347889f7.txt,9,5,2,4,3,IPS|U|MYPT|R,L|P|Z
PMC3566969__1471-2164-14-37-7.txt,0,0,0,0,0,,
PMC3567686__zbc0091339080009.txt,0,0,0,0,0,,
PMC3567737__467fig6.txt,0,0,0,0,0,,
PMC3568388__nihms159497f7.txt,7,5,0,2,5,AROMATASE|J,H|OF|EP2|EP4|ND
PMC3569742__nihms-435607-f0006.txt,13,8,3,5,5,RANK|TMEM64|CA2|J|16,RANKL|DAP12|SERCA2|IP3R|ER
PMC3569903__tre-02-51-249-1-g001.txt,0,0,0,0,0,,
PMC3570029__nihms435969f6.txt,0,0,0,0,0,,
PMC3570895__fncel-07-00004-g0003.txt,2,2,1,0,1,,ERBB1
PMC3570922__ISRN.ENDOCRINOLOGY2013-472432.001.txt,0,0,0,0,0,,
PMC3571113__nihms-435869-f0001.txt,2,0,0,2,0,LCP|E,
PMC3572677__fonc-03-00022-g001.txt,2,2,0,0,2,,CD95|TRAIL
PMC3572906__nihms404901f3.txt,9,5,3,4,2,L1|R|E|II,L|R1
PMC3572966__pone.0056891.g005.txt,0,0,0,0,0,,
PMC3573097__pgen.1003253.g007.txt,12,8,4,4,4,RIOK2|J|RIOK1|CELL,PI3K|TORC2|X|SE
PMC3574110__pone.0056122.g004.txt,0,0,0,0,0,,
PMC3574187__nihms435041f8.txt,4,4,3,0,1,,B
PMC3575446__cc-12-202-g1.txt,2,2,1,0,1,,C-MYC
PMC3575576__fphys-04-00012-g0006.txt,4,3,2,1,1,E2A,H
PMC3578363__cshperspect-SIG-008904_F1.txt,2,2,0,0,2,,INK4|L
PMC3578760__pgen.1003315.g008.txt,3,2,0,1,2,TRE,Y|L
PMC3579325__fig-3.txt,0,0,0,0,0,,
PMC3579607__onc0011311900001.txt,2,1,1,1,0,II,
PMC3579804__pone.0057168.g001.txt,0,0,0,0,0,,
PMC3579806__pone.0057156.g004.txt,0,0,0,0,0,,
PMC3580779__CG-14-49_F3.txt,0,0,0,0,0,,
PMC3581421__zbc0131341090008.txt,0,0,0,0,0,,
PMC3582147__JCI67166.f1.txt,3,2,1,1,1,U,ENOS
PMC3582304__10.1177_1759720X12466608-fig2.txt,0,0,0,0,0,,
PMC3583082__IJE2013-317487.003.txt,0,0,0,0,0,,
PMC3583223__nihms-427572-f0004.txt,1,1,1,0,0,,
PMC3584578__IJO-40-04-1105-g03.txt,6,3,1,3,2,E|II|U87,L|B
PMC3584651__IJO-40-04-1259-g05.txt,3,3,2,0,1,,L
PMC3585227__pone.0056810.g007.txt,0,0,0,0,0,,
PMC3585591__PP_211854_f8.txt,0,0,0,0,0,,
PMC3586073__pone.0057541.g009.txt,2,0,0,2,0,IA|LA,
PMC3586350__1479-5876-11-39-8.txt,3,1,0,2,1,EL|J,L
PMC3587307__nihms404507f1.txt,4,1,0,3,1,E|INM|CELL,IN
PMC3587808__jcbfm2012174f1.txt,0,0,0,0,0,,
PMC3587990__ijms-14-02334f4.txt,0,0,0,0,0,,
PMC3587995__ijms-14-02431f3.txt,12,5,0,7,5,DAMAGE|SPON|VIN|U|E|ST|CELL,L|ON|CHK2|P53|SE
PMC3589551__nihms2731f2.txt,3,2,2,1,0,THETA,
PMC3589553__355fig3.txt,0,0,0,0,0,,
PMC3590201__pone.0057022.g001.txt,0,0,0,0,0,,
PMC3590201__pone.0057022.g002.txt,0,0,0,0,0,,
PMC3590201__pone.0057022.g003.txt,0,0,0,0,0,,
PMC3590361__12079_2012_184_Fig1_HTML.txt,4,3,0,1,3,DO,B|P|IN
PMC3590362__12079_2012_181_Fig1_HTML.txt,0,0,0,0,0,,
PMC3591436__pone.0053370.g006.txt,0,0,0,0,0,,
PMC3593087__nihms341773f3.txt,0,0,0,0,0,,
PMC3593803__nihms434906f1.txt,11,8,2,3,6,R|CELL|II,ERK|PI3K|ENOS|L|CO|Z
PMC3594115__nihms434903f1.txt,2,1,1,1,0,CELL,
PMC3594407__nihms-415061-f0008.txt,0,0,0,0,0,,
PMC3594740__CPPS-13-776_F1.txt,0,0,0,0,0,,
PMC3595309__cbt-14-262-g5.txt,2,2,0,0,2,,B|ON
PMC3595330__nihms-425860-f0005.txt,2,1,1,1,0,J,
PMC3597489__pntd.0002117.g004.txt,0,0,0,0,0,,
PMC3597511__pgen.1003362.g006.txt,1,1,0,0,1,,B
PMC3597535__pcbi.1002967.g008.txt,0,0,0,0,0,,
PMC3597812__zbc0151342630007.txt,0,0,0,0,0,,
PMC3599046__1471-2164-14-64-1.txt,0,0,0,0,0,,
PMC3599046__1471-2164-14-64-2.txt,0,0,0,0,0,,
PMC3599951__1748-717X-8-46-5.txt,0,0,0,0,0,,
PMC3600166__nihms114743f1.txt,0,0,0,0,0,,
PMC3600401__nihms-421160-f0013.txt,0,0,0,0,0,,
PMC3601157__onci-2-e22745-g1.txt,3,1,1,2,0,CELL|IL-8,
PMC3601818__elife00378fs003.txt,0,0,0,0,0,,
PMC3601827__nihms442827f5.txt,1,0,0,1,0,NE,
PMC3602389__nihms-440010-f0001.txt,2,1,0,1,1,RNS,ROS
PMC3602389__nihms-440010-f0002.txt,8,6,2,2,4,R|II,TYPE|MKK4|MKK3|SNO
PMC3602516__pone.0059045.g001.txt,1,1,1,0,0,,
PMC3602678__zh30051364090007.txt,2,2,1,0,1,,P
PMC3603002__nihms207342f6.txt,6,4,3,2,1,CELL|NG,DAG
PMC3603300__MI2013-720689.005.txt,2,2,0,0,2,,GAS|INOS
PMC3603375__ISRN.ONCOLOGY2013-924971.004.txt,0,0,0,0,0,,
PMC3604760__mbo0021314630001.txt,2,1,1,1,0,J,
PMC3605164__isl-4-359-g2.txt,2,2,0,0,2,,P|GLP-1
PMC3606047__nihms438583f1.txt,12,10,6,2,4,FOR|CELL,S|IN|OB|L
PMC3606104__1297fig3.txt,0,0,0,0,0,,
PMC3606625__nihms-357375-f0001.txt,9,8,5,1,3,CELL,B|TR|INOS
PMC3606632__1471-2164-14-195-6.txt,0,0,0,0,0,,
PMC3606804__OXIMED2013-306073.001.txt,2,1,0,1,1,II,B
PMC3606804__OXIMED2013-306073.002.txt,2,1,0,1,1,II,B
PMC3607076__fgene-04-00037-g004.txt,0,0,0,0,0,,
PMC3608394__nihms441874f6.txt,9,7,4,2,3,MA|R,POFUT1|L|B
PMC3608394__nihms441874f7.txt,3,3,1,0,2,,L|B
PMC3608916__fendo-04-00042-g002.txt,0,0,0,0,0,,
PMC3609045__prio-7-2-g5.txt,0,0,0,0,0,,
PMC3610211__2040-2392-4-5-1.txt,0,0,0,0,0,,
PMC3610942__pgen.1003414.g005.txt,3,2,0,1,2,LE,IN|REG
PMC3610942__pgen.1003414.g006.txt,0,0,0,0,0,,
PMC3611019__zbc0131341920006.txt,0,0,0,0,0,,
PMC3612391__nihms-431589-f0002.txt,4,2,0,2,2,CELL|SEA,B|TIP
PMC3612391__nihms-431589-f0003.txt,6,5,2,1,3,II,L|B|VEGFR2
PMC3612991__nihms423722f2.txt,17,13,8,4,5,E|R|ELF|ACTIVIN,B|PI3K|PERK|L|JH
PMC3613369__pone.0060299.g003.txt,0,0,0,0,0,,
PMC3613938__JCI69324.f1.txt,9,2,2,7,0,R|II|C1RL|PROL|OR|ROD|J,
PMC3614511__pbio.1001527.g008.txt,0,0,0,0,0,,
PMC3614825__IJBS-7-101_F2.txt,0,0,0,0,0,,
PMC3615581__zh70061338130002.txt,0,0,0,0,0,,
PMC3616967__ehp.1205659.g004.txt,6,4,0,2,4,E|J,GL|GR|SI|API
PMC3617064__nihms445882f4.txt,14,9,2,5,7,J|E|U|R|S9,B|C-RAF|ERK|L|LT|MEK|OF
PMC3617288__zbc0171344680008.txt,0,0,0,0,0,,
PMC3617635__2704f6.txt,0,0,0,0,0,,
PMC3618283__nihms451269f1.txt,2,1,1,1,0,J,
PMC3620498__pone.0060028.g007.txt,0,0,0,0,0,,
PMC3620549__1471-2148-13-76-1.txt,0,0,0,0,0,,
PMC3621011__nihms408962f1.txt,4,3,0,1,3,CELL,MEK|ERK|VEGF
PMC3621013__nihms437757f5.txt,7,7,4,0,3,,L|Y|CD45
PMC3621568__pjab-85-314-g001.txt,9,5,3,4,2,R|J|E|CELL,P|L
PMC3622756__nihms446473f8.txt,4,3,0,1,3,IDD,RKIP|MEK|ERK
PMC3623872__pone.0060881.g005.txt,0,0,0,0,0,,
PMC3624252__zmb9991099310009.txt,5,4,1,1,3,J,P|L|H
PMC3624394__zjv9990974730004.txt,0,0,0,0,0,,
PMC3624419__zbc0181345670008.txt,8,6,1,2,5,U|TP,CTF|Y|P|ERK|B
PMC3624693__fig-2.txt,6,5,3,1,2,R,PKD2|TNFA
PMC3625555__ECAM2013-548498.003.txt,7,5,1,2,4,E|R,L|NU|X|B
PMC3625703__nihms-452614-f0001.txt,2,1,0,1,1,NG,S
PMC3625980__nihms451081f7.txt,7,5,4,2,1,EBPL|NF-KB,LPS
PMC3626841__1752-0509-7-13-4.txt,0,0,0,0,0,,
PMC3627353__nihms434196f2.txt,0,0,0,0,0,,
PMC3628025__zee9991369840007.txt,0,0,0,0,0,,
PMC3628712__pone.0059733.g011.txt,7,6,2,1,4,R,OF|IN|PI3K|S
PMC3628745__peerj-01-49-g002.txt,8,7,5,1,2,RED,NFAT|IN
PMC3629228__pone.0061622.g002.txt,1,1,0,0,1,,B
PMC3629253__OL-05-04-1395-g04.txt,0,0,0,0,0,,
PMC3629553__nihms-442476-f0007.txt,5,2,0,3,2,GY|LIGHT|KAR,AC|P
PMC3629821__nihms-451469-f0006.txt,3,1,0,2,1,TXNIP|TUBE,VEGFR2
PMC3630382__gni-11-24-g010.txt,0,0,0,0,0,,
PMC3630829__3135f7.txt,0,0,0,0,0,,
PMC3632376__nihms-450723-f0007.txt,11,7,1,4,6,LFR|J|CELL|CA2,KOR|SNAP|FR|L|HL|MGF
PMC3632385__nihms455115f2.txt,8,7,4,1,3,E2,PI3K|ERA|P
PMC3632418__nihms432411f1.txt,14,12,6,2,6,J|CELL,LKB1|AMPK|PKB|IN|TUBERIN|4E-BP1
PMC3633414__nihms316126f3.txt,0,0,0,0,0,,
PMC3633528__nihms423991f1.txt,9,8,1,1,7,J,L|IGFI|RS|PKC|P38|P|RB
PMC3633809__z380051391980012.txt,3,3,1,0,2,,L|CT
PMC3633842__pone.0062845.g002.txt,0,0,0,0,0,,
PMC3633842__pone.0062845.g003.txt,1,1,0,0,1,,L
PMC3633842__pone.0062845.g004.txt,2,1,1,1,0,R,
PMC3633842__pone.0062845.g006.txt,0,0,0,0,0,,
PMC3634480__ijms-14-05036f7.txt,0,0,0,0,0,,
PMC3634503__ijms-14-05312f1.txt,0,0,0,0,0,,
PMC3634610__IRI-32-134-g002.txt,0,0,0,0,0,,
PMC3634610__IRI-32-134-g003.txt,0,0,0,0,0,,
PMC3634610__IRI-32-134-g004.txt,3,1,0,2,1,J|U,L
PMC3634610__IRI-32-134-g005.txt,2,0,0,2,0,J|E,
PMC3634825__pone.0061946.g002.txt,0,0,0,0,0,,
PMC3636053__1471-2164-14-35-3.txt,2,1,0,1,1,R,L
PMC3636084__pgen.1003482.g006.txt,0,0,0,0,0,,
PMC3636549__nihms460462f2.txt,6,3,2,3,1,UL|J|TP,ON
PMC3636761__fonc-03-00093-g001.txt,0,0,0,0,0,,
PMC3637970__nihms443292f1.txt,2,1,0,1,1,R,C-JUN
PMC3638350__neo1505_0472_fig005.txt,2,2,1,0,1,,MKK4
PMC3638576__ECAM2013-219472.006.txt,6,3,1,3,2,J|CELL|PROL,HER2|PI3K
PMC3639415__734fig8.txt,0,0,0,0,0,,
PMC3639942__pone.0062042.g007.txt,0,0,0,0,0,,
PMC3640078__pone.0061901.g007.txt,0,0,0,0,0,,
PMC3640382__marinedrugs-11-00316-g006.txt,0,0,0,0,0,,
PMC3640709__nihms-458472-f0001.txt,13,9,3,4,6,ST|J|E|REP,L|E4|Y|MEKK|MEK|ER
PMC3641099__pone.0062870.g001.txt,6,4,1,2,3,J|R,CO|L|X
PMC3642174__pone.0062218.g001.txt,4,3,1,1,2,CEL,S|L
PMC3644182__nihms402865f1.txt,4,2,0,2,2,TP|NF-KB,GMP|OF
PMC3644346__nihms-450062-f0006.txt,10,6,2,4,4,RSK2|II|NF-KB|CELL,MEK1|ERK2|S|AP-1
PMC3645653__ijms-14-06542f1.txt,0,0,0,0,0,,
PMC3646677__1756-8722-6-30-1.txt,4,3,1,1,2,R,IF|LT
PMC3647219__fonc-03-00108-g001.txt,0,0,0,0,0,,
PMC3647886__nihms454345f2.txt,3,3,0,0,3,,B|PGRN|S
PMC3648501__1742-4682-10-27-1.txt,0,0,0,0,0,,
PMC3648501__1742-4682-10-27-3.txt,0,0,0,0,0,,
PMC3648504__pone.0063674.g006.txt,2,1,1,1,0,TOF,
PMC3648641__nihms465394f1.txt,6,5,1,1,4,TMPRSS6,HJV|P6|P|HEP
PMC3650001__pgen.1003510.g009.txt,7,6,1,1,5,CELL,L|IP|PL|CAM|MLCK
PMC3650338__zjw0051344350003.txt,0,0,0,0,0,,
PMC3650458__emss-52503-f0003.txt,0,0,0,0,0,,
PMC3650620__fendo-04-00052-g004.txt,0,0,0,0,0,,
PMC3651307__1471-2407-13-219-1.txt,16,12,8,4,4,MY|CAML|J|FA,CAM2|TRAF6|IKK|C-REL
PMC3651907__nihms-398895-f0002.txt,0,0,0,0,0,,
PMC3652064__zh40101307420007.txt,0,0,0,0,0,,
PMC3652399__nihms-456111-f0001.txt,3,2,1,1,1,CNC,L
PMC3652647__WJBC-4-18-g007.txt,1,1,1,0,0,,
PMC3652760__1423-0127-20-26-1.txt,2,1,0,1,1,UI,L
PMC3652804__nihms134496f1.txt,0,0,0,0,0,,
PMC3653035__11064_2013_980_Fig2_HTML.txt,3,1,0,2,1,PCP|CA,L
PMC3653345__chest_143_5_1252_fig07.txt,0,0,0,0,0,,
PMC3653798__pbio.1001562.g007.txt,0,0,0,0,0,,
PMC3654375__nihms462306f2a.txt,6,3,0,3,3,R|E|INE,L|B|S
PMC3654375__nihms462306f3.txt,4,3,0,1,3,CELL,VEGFR2|MIG|NEU
PMC3654583__onci-2-e23566-g1.txt,4,2,0,2,2,TED|CELL,LN|ACT
PMC3655322__fonc-03-00123-g003.txt,0,0,0,0,0,,
PMC3655553__nihms264626f1.txt,10,6,1,4,5,SR|CA2|GIL|R,P38|MEK|ERK|Y|PI3K
PMC3655553__nihms264626f6.txt,6,5,2,1,3,CELL,L|ERK|OF
PMC3655867__2047-783X-18-12-2.txt,1,1,0,0,1,,TR
PMC3656027__cib-6-e24214-g1.txt,1,0,0,1,0,R,
PMC3656108__ppat.1003385.g007.txt,0,0,0,0,0,,
PMC3656715__nihms-455681-f0001.txt,2,2,1,0,1,,L
PMC3656973__nihms442961f7.txt,3,2,1,1,1,E,NER
PMC365712__zpq0080438690006.txt,1,0,0,1,0,CA2,
PMC3657316__nihms444128f3.txt,11,10,2,1,8,CELL,PC1|PC2|AC|LKB1|AMPK|P21|CAM|P
PMC3657461__PC2013-920612.001.txt,0,0,0,0,0,,
PMC3657461__PC2013-920612.003.txt,0,0,0,0,0,,
PMC3657461__PC2013-920612.004.txt,0,0,0,0,0,,
PMC3657702__fimmu-04-00121-g001.txt,0,0,0,0,0,,
PMC3659771__nihms468458f2.txt,10,8,2,2,6,CELL|NM,VEGF-A|PM|PKC|MEK|ERK|L
PMC3660562__pone.0064470.g003.txt,2,0,0,2,0,J|NG,
PMC3660694__12079_2012_186_Fig1_HTML.txt,0,0,0,0,0,,
PMC3661108__adip-2-61-g2.txt,2,1,0,1,1,RP105,X
PMC3662220__nihms345409f1.txt,6,5,2,1,3,LA,PI3K|L|MEK
PMC3663255__18_2012_1151_Fig1_HTML.txt,0,0,0,0,0,,
PMC3663521__zbc0251350330007.txt,0,0,0,0,0,,
PMC3663533__zbc0261350910008.txt,0,0,0,0,0,,
PMC3663770__1471-213X-13-15-1.txt,6,3,1,3,2,II|E|J,P|S
PMC3665261__OXIMED2013-763257.002.txt,0,0,0,0,0,,
PMC3666273__JL2013-890343.004.txt,0,0,0,0,0,,
PMC3666437__ECAM2013-510208.002.txt,0,0,0,0,0,,
PMC3666437__ECAM2013-510208.005.txt,3,2,0,1,2,II,CD|B
PMC3666582__nihms463723f7.txt,2,1,0,1,1,R,L
PMC3666883__zmb9991098360011.txt,0,0,0,0,0,,
PMC3667388__nihms465974f1.txt,6,5,3,1,2,R,L|DAP12
PMC3667651__nihms424679f3.txt,2,1,1,1,0,R,
PMC3667790__pone.0064088.g007.txt,0,0,0,0,0,,
PMC3668831__JCI67225.f1.txt,1,0,0,1,0,II,
PMC3668835__JCI67963.f4.txt,0,0,0,0,0,,
PMC3669032__1471-2164-14-282-6.txt,0,0,0,0,0,,
PMC3670000__fendo-04-00066-g003.txt,0,0,0,0,0,,
PMC3670237__jkst-1-143-g2.txt,7,4,1,3,3,R|E|J,GP130|L|PR
PMC3670240__jkst-1-168-g1.txt,0,0,0,0,0,,
PMC3670265__jkst-2-e22925-g1.txt,0,0,0,0,0,,
PMC3670292__jkst-1-125-g1.txt,2,1,0,1,1,IL-6,B
PMC3670293__jkst-1-131-g1.txt,5,2,1,3,1,DC|R|U,ALG
PMC3671203__fphys-04-00124-g001.txt,0,0,0,0,0,,
PMC3671288__fimmu-04-00130-g002.txt,0,0,0,0,0,,
PMC3671665__ECAM2013-748587.001.txt,0,0,0,0,0,,
PMC3672007__1471-2407-13-245-2.txt,0,0,0,0,0,,
PMC3672788__ar4162-6.txt,5,4,1,1,3,R,L|RANKL|P
PMC3674400__pct042f5p.txt,0,0,0,0,0,,
PMC3674457__bcj201315f7.txt,0,0,0,0,0,,
PMC3675375__1471-2156-14-28-1.txt,0,0,0,0,0,,
PMC3675894__nihms393899f1.txt,3,3,1,0,2,,L|ON
PMC3676112__zjv9990976970007.txt,3,1,0,2,1,MT|WIT,Y
PMC3676390__pone.0065027.g005.txt,0,0,0,0,0,,
PMC3676467__pone.0065448.g006.txt,0,0,0,0,0,,
PMC3676498__psb-8-e23316-g2.txt,2,0,0,2,0,LIGHT|EL,
PMC3676658__fig-3.txt,0,0,0,0,0,,
PMC3676754__ijms-14-08740f2a.txt,0,0,0,0,0,,
PMC3676795__ijms-14-09487f2.txt,0,0,0,0,0,,
PMC3676867__nihms195252f2.txt,7,7,1,0,6,,ER|L|GRP94|BIP|CRT|CHOP
PMC3678348__nihms470119f6.txt,6,4,3,2,1,DO|R,B
PMC3678388__nihms362811f1.txt,21,14,7,7,7,TOPBP1|CELL|CEP|CINP|FANCM|FAAP24|U,TRIP|L|OF|B|MLL|TEL2|STEP
PMC3678388__nihms362811f3.txt,1,0,0,1,0,BASE,
PMC3678438__ECAM2013-459467.009.txt,0,0,0,0,0,,
PMC3678724__nihms457387f1.txt,0,0,0,0,0,,
PMC3678733__nihms462970f1.txt,7,5,1,2,4,NPHP4|YAP,STK|MOB|L|ATS
PMC3678733__nihms462970f3.txt,0,0,0,0,0,,
PMC3678929__rmmj_2-2-e0043f1.txt,0,0,0,0,0,,
PMC3679036__pone.0066029.g011.txt,0,0,0,0,0,,
PMC3679038__pone.0065929.g007.txt,0,0,0,0,0,,
PMC3679471__fnins-07-00100-a0006.txt,0,0,0,0,0,,
PMC3679475__fendo-04-00071-g001.txt,0,0,0,0,0,,
PMC3680532__cc-12-1521-g6F__G.txt,8,7,3,1,4,R,B|RS|S|L
PMC3680918__bcr3232-6.txt,0,0,0,0,0,,
PMC3681479__oncotarget-03-1483-g001.txt,0,0,0,0,0,,
PMC3682211__emss-52952-f0007.txt,7,5,1,2,4,S6K1|CELL,OF|AMPK|HUR|4E-BP1
PMC3682584__zbc0291352880009.txt,0,0,0,0,0,,
PMC3683728__pnas.1305172110fig06.txt,0,0,0,0,0,,
PMC3684083__nihms459788f4.txt,0,0,0,0,0,,
PMC3684135__fig-1.txt,0,0,0,0,0,,
PMC3684622__nihms473465f4.txt,5,4,0,1,4,E,L|Y|RN|FY
PMC3684781__fpls-04-00204-g002.txt,0,0,0,0,0,,
PMC3685346__WO-17-20396-g001.txt,0,0,0,0,0,,
PMC3685413__nihms-349226-f0002.txt,5,3,1,2,2,MD|II,TR|MI
PMC3685590__nihms458790f9.txt,5,4,3,1,1,CELL,STE20
PMC3687803__nihms475212f5.txt,2,2,1,0,1,,SMOH
PMC3687869__NMJ-54-79-g002.txt,5,3,1,2,2,E|CELL,LAR|L
PMC3688827__pone.0065128.g006.txt,0,0,0,0,0,,
PMC3688948__pone.0066743.g007.txt,11,5,0,6,5,E|R|GO|U|LI|JN,L|LDP|MLC|H|Y
PMC3689941__zbc0291353420009.txt,0,0,0,0,0,,
PMC3690158__nihms463323f1.txt,5,5,3,0,2,,IN|LGR
PMC3690396__1223fig7.txt,1,1,0,0,1,,Y
PMC3690520__nihms481925f3.txt,2,1,0,1,1,NF-KB,OF
PMC3690525__gr7.txt,1,1,0,0,1,,L
PMC3690588__nihms478261f1.txt,1,1,0,0,1,,L
PMC3691184__pone.0066676.g005.txt,0,0,0,0,0,,
PMC3691204__pone.0066685.g001.txt,3,3,2,0,1,,HHIP
PMC3691323__pone.0066799.g006.txt,2,2,1,0,1,,L
PMC3691869__nihms443298f6.txt,4,4,2,0,2,,CIN85|C-CBL
PMC3692130__gkt451f1p.txt,0,0,0,0,0,,
PMC3692501__pone.0066268.g007.txt,0,0,0,0,0,,
PMC3693006__ijo-06-03-280-g004.txt,0,0,0,0,0,,
PMC3693466__nihms256433f1.txt,1,1,0,0,1,,B
PMC3694216__fpls-04-00215-g001.txt,0,0,0,0,0,,
PMC3694713__pc_112102_f10.txt,0,0,0,0,0,,
PMC3694812__pcbi.1003077.g001.txt,0,0,0,0,0,,
PMC3694890__pone.0067634.g008.txt,0,0,0,0,0,,
PMC3694976__pone.0067134.g010.txt,0,0,0,0,0,,
PMC3696549__JCI65859.f10.txt,0,0,0,0,0,,
PMC3696550__JCI66203.f6.txt,0,0,0,0,0,,
PMC3696710__cjcr-25-03-346-f1.txt,0,0,0,0,0,,
PMC3696739__nihms475406f3.txt,4,4,1,0,3,,PTHR1|IN|L
PMC3697618__zii9990901990007.txt,1,1,1,0,0,,
PMC3697781__bat047f2p.txt,5,3,1,2,2,E|NSL,PPAR|SAP
PMC3697781__bat047f3p.txt,2,0,0,2,0,JP|II,
PMC3697783__JAMC2013-951319.008.txt,0,0,0,0,0,,
PMC3697962__539fig2.txt,0,0,0,0,0,,
PMC3698152__1478-811X-11-43-1.txt,4,3,1,1,2,J,L|B
PMC3698421__535_2012_736_Fig10_HTML.txt,3,3,1,0,2,,OF|ON
PMC3700017__fig-4.txt,0,0,0,0,0,,
PMC3700945__bbi-7-2013-167f5.txt,0,0,0,0,0,,
PMC3701595__pone.0067880.g008.txt,1,1,0,0,1,,AC
PMC3702373__nihms436358f1.txt,4,1,0,3,1,E|J|CN,AC
PMC3703147__nihms484447f1.txt,1,0,0,1,0,IFNR,
PMC3703268__1471-2164-14-440-6.txt,0,0,0,0,0,,
PMC3703460__nihms469526f4.txt,0,0,0,0,0,,
PMC3704018__pnas.1221803110fig05.txt,0,0,0,0,0,,
PMC3704172__nihms483318f3.txt,5,3,2,2,1,IL-6|J,IKK
PMC3704220__nihms488608f1.txt,1,0,0,1,0,J,
PMC3704530__pone.0068451.g007.txt,5,4,1,1,3,E,B|CT|Z
PMC3705163__onc2012334f8.txt,2,1,0,1,1,E,EMT
PMC3705595__cdd201331f7.txt,1,1,0,0,1,,L
PMC3705708__nihms-490798-f0004.txt,7,4,1,3,3,J|NICAL|II,X|TYPE|RAM
PMC3706831__gm444-5.txt,0,0,0,0,0,,
PMC3706851__alzrt169-2.txt,0,0,0,0,0,,
PMC3708163__zjw0071344780001.txt,0,0,0,0,0,,
PMC3708179__zjw0071344920008.txt,0,0,0,0,0,,
PMC3708286__18_2012_1188_Fig2_HTML.txt,7,4,1,3,3,J|TC|R,PCL|GL|L
PMC3708595__nihms474972f4.txt,21,12,7,9,5,ALTE|RED|ACD|VHY|KAT6A|E|HLE|DAMAGE|G2,SWI|SHF|MLL3|L|S
PMC3708893__pone.0068983.g005.txt,0,0,0,0,0,,
PMC3710316__jkst-2-e23203-g1.txt,7,4,2,3,2,CELL|E|R,B|L
PMC371122__zmb0070416580007.txt,2,2,2,0,0,,
PMC3711309__zbc0321355500006.txt,1,1,1,0,0,,
PMC3711318__zbc0331355680010.txt,10,8,3,2,5,DAMAGE|G2,X|L|P|CHK1|P2
PMC3711356__f04_01.txt,0,0,0,0,0,,
PMC3711381__nihms-442491-f0001.txt,11,10,5,1,5,R,TRKB|L|MEK|ERK|MSK1
PMC3711381__nihms-442491-f0002.txt,5,5,3,0,2,,HTT|TRKB
PMC3711381__nihms-442491-f0003.txt,2,2,2,0,0,,
PMC3711797__1752-0509-7-59-4.txt,1,1,1,0,0,,
PMC3712008__1475-2867-13-66-2.txt,0,0,0,0,0,,
PMC3712008__1475-2867-13-66-3.txt,2,2,0,0,2,,P|ON
PMC3712061__2318fig7.txt,0,0,0,0,0,,
PMC3712174__roj-31-57-g001.txt,0,0,0,0,0,,
PMC3712869__nihms-214943-f0004.txt,0,0,0,0,0,,
PMC3715701__gr1.txt,1,0,0,1,0,TC,
PMC3718064__nihms490537f2.txt,6,5,1,1,4,LPC,ATX|L|ERK|P
PMC3718996__12035_2013_8429_Fig8_HTML.txt,0,0,0,0,0,,
PMC3719407__nihms480818f4.txt,0,0,0,0,0,,
PMC3719681__zmb9991000530012.txt,0,0,0,0,0,,
PMC3719824__zjv9990978860001.txt,7,4,1,3,3,R|RIG-I|RNASE,IFN|OAS|L
PMC3720582__pone.0069132.g001.txt,1,0,0,1,0,II,
PMC3720582__pone.0069132.g002.txt,0,0,0,0,0,,
PMC3722525__btt335f7p.txt,0,0,0,0,0,,
PMC3723114__nihms-485166-f0001.txt,1,1,0,0,1,,EMT
PMC3723343__nihms357082f2.txt,0,0,0,0,0,,
PMC3723343__nihms357082f3.txt,0,0,0,0,0,,
PMC3724517__nihms431868f4.txt,0,0,0,0,0,,
PMC3724785__pone.0070077.g007.txt,0,0,0,0,0,,
PMC3725164__1471-2172-14-30-1.txt,0,0,0,0,0,,
PMC3725503__nutrients-05-02231-g001.txt,0,0,0,0,0,,
PMC3726008__nihms484660f5.txt,11,6,4,5,2,CELL|FELL|JNK|HE|JP,PKC|VANGL2
PMC3726361__1471-2164-14-496-4.txt,0,0,0,0,0,,
PMC3726370__1479-5876-11-173-7.txt,0,0,0,0,0,,
PMC3726753__pone.0068985.g002.txt,0,0,0,0,0,,
PMC3726764__pone.0069668.g001.txt,1,0,0,1,0,CELL,
PMC3726964__ijcep0006-1493-f3.txt,7,4,2,3,2,NG|E|TRAITS,EMT|B
PMC3727099__zh40131307840002.txt,1,1,0,0,1,,AC
PMC3727838__bonekey2012111-f1.txt,1,1,0,0,1,,MI
PMC3727952__1471-2164-14-503-1.txt,0,0,0,0,0,,
PMC3728089__pone.0070338.g005.txt,0,0,0,0,0,,
PMC3730284__nihms491633f3.txt,5,5,1,0,4,,HTT|TIE2|OF|IN
PMC3730321__cancers-05-00639-g001.txt,0,0,0,0,0,,
PMC3730813__nihms491257f2.txt,0,0,0,0,0,,
PMC3731360__pone.0070352.g006.txt,3,2,1,1,1,CELL,CD38
PMC3732476__nihms484782f2.txt,6,5,3,1,2,OR,B|ADAM
PMC3733232__nihms237672f1.txt,7,7,4,0,3,,TNFA|B|RS
PMC3733232__nihms237672f3.txt,0,0,0,0,0,,
PMC3733450__nihms496673f2.txt,12,10,5,2,5,SYND|R,PJS|Y|P|HD|VHL
PMC3733613__1479-5876-11-177-3.txt,0,0,0,0,0,,
PMC3734838__cddis20133f6.txt,0,0,0,0,0,,
PMC37350__mk0611533010.txt,7,5,2,2,3,J|MIN,END|HER2|C-CBL
PMC3735423__1478-811X-11-51-9.txt,0,0,0,0,0,,
PMC3735704__cc-12-1901-g8.txt,1,0,0,1,0,OS,
PMC3736205__icb201327f6.txt,9,6,1,3,5,U|J|R,LPS|S|MSP|L|P
PMC3736507__BMRI2013-916530.001.txt,0,0,0,0,0,,
PMC3737295__cc-12-1989-g1.txt,8,6,1,2,5,J|CELL,TOR|PH|SE|H|OF
PMC3737553__gkt467f6p.txt,2,1,0,1,1,E,L
PMC3737589__nihms493872f1.txt,1,0,0,1,0,T2,
PMC3737593__nihms497341f4.txt,5,4,3,1,1,APO,OF
PMC3737717__DEV089193F8.txt,5,4,3,1,1,BMPER,B
PMC3738179__nihms361943f2.txt,15,11,4,4,7,L1|PF|OR|KCTD1,OF|IN|ODC|P|S|B|AN
PMC3740866__pnas.1304250110fig06.txt,2,0,0,2,0,ARF7|GNL,
PMC3741135__pone.0071576.g009.txt,0,0,0,0,0,,
PMC3741172__pone.0072297.g006.txt,5,4,0,1,4,NHC,S|L|14-3-3|TAU
PMC3741305__pone.0070427.g004.txt,4,2,1,2,1,R|J,EMT
PMC3742228__ijms-14-13979f2.txt,1,0,0,1,0,J,
PMC3742814__OL-06-01-0075-g03.txt,4,4,1,0,3,,H|P38|ERK
PMC3743028__emss-53157-f0012.txt,1,0,0,1,0,NA,
PMC3744053__fonc-03-00211-g005.txt,0,0,0,0,0,,
PMC3744159__nihms445512f1.txt,0,0,0,0,0,,
PMC3745214__nihms478633f1.txt,2,2,1,0,1,,B
PMC3745454__pone.0070956.g009.txt,7,4,1,3,3,NIT|R|PBK,ROS|L|OF
PMC3746099__97320630009739F6.txt,4,3,1,1,2,U,PI|CLTD
PMC3746742__nihms142951f7.txt,9,6,2,3,4,R|DMR|J,OF|Y|MEK|ERK
PMC3747576__mbo0041315780006.txt,6,5,4,1,1,R,B
PMC3748137__nihms-504168-f0005.txt,0,0,0,0,0,,
PMC3748845__drp-11-301f1.txt,0,0,0,0,0,,
PMC3749067__nihms497727f1.txt,1,1,1,0,0,,
PMC3749383__mb-37-161-g001.txt,0,0,0,0,0,,
PMC3750319__1476-4598-12-86-2.txt,1,0,0,1,0,R,
PMC3751776__1756-8722-6-59-2.txt,0,0,0,0,0,,
PMC3753504__204_2013_1078_Fig39_HTML.txt,0,0,0,0,0,,
PMC3754784__nihms319742f1.txt,7,7,5,0,2,,L|P65
PMC3755409__ECAM2013-305898.006.txt,0,0,0,0,0,,
PMC3756181__aair-5-329-g007.txt,0,0,0,0,0,,
PMC3756920__2678fig10.txt,1,0,0,1,0,NS,
PMC3757376__cancers-03-01527f1.txt,0,0,0,0,0,,
PMC3757383__cancers-03-01639f1.txt,0,0,0,0,0,,
PMC3757383__cancers-03-01639f4.txt,2,2,0,0,2,,TRAIL|L
PMC3757404__cancers-03-02050f1.txt,0,0,0,0,0,,
PMC3758122__nihms504769f6.txt,10,7,1,3,6,J|R|JNK,B|S|P|IK|TLN|L
PMC3759162__nihms504925f7.txt,1,0,0,1,0,R,
PMC3759173__cancers-03-02827f3a.txt,0,0,0,0,0,,
PMC3759173__cancers-03-02827f4a.txt,0,0,0,0,0,,
PMC3759196__cancers-03-03242f6.txt,0,0,0,0,0,,
PMC3759196__cancers-03-03242f9.txt,0,0,0,0,0,,
PMC3759360__nihms505366f2.txt,13,10,2,3,8,TRC|R|E,P|LPS|IKK|IKKA|B|NEMO|PIASY|TS
PMC3759480__ijcep0006-1734-f3.txt,5,2,1,3,1,OR|DO|PRD,H
PMC3759892__ijms-14-15885f4.txt,0,0,0,0,0,,
PMC3759892__ijms-14-15885f5.txt,10,6,2,4,4,R|J|FRU|U,Z|PD|L|S
PMC3760459__lic-0001-0247-g01.txt,0,0,0,0,0,,
PMC3760587__nihms366709f2.txt,2,2,1,0,1,,PTX
PMC3760732__nihms467206f8.txt,0,0,0,0,0,,
PMC3762816__pone.0072699.g003.txt,4,1,0,3,1,NS|CN|J,B
PMC3762983__nihms31675f2.txt,0,0,0,0,0,,
PMC3763401__cancers-03-03894f1.txt,0,0,0,0,0,,
PMC3763466__cddis2013314f5.txt,2,1,0,1,1,E,L
PMC3763548__gkt563f8p.txt,8,6,3,2,3,R|J,RK|P|L
PMC3763569__ECAM2013-423164.006.txt,2,2,0,0,2,,C-SRC|AP-1
PMC3763651__pharmaceuticals-05-00417-g001.txt,0,0,0,0,0,,
PMC3763845__1742-4933-10-10-1.txt,0,0,0,0,0,,
PMC3767596__pone.0073706.g008.txt,0,0,0,0,0,,
PMC3767783__pone.0072999.g006.txt,3,1,0,2,1,R|CELL,PI3K
PMC3772092__pone.0075489.g007.txt,9,7,6,2,1,R|CDH16,Y
PMC3772117__jkst-2-e25408-g2.txt,1,0,0,1,0,OR,
PMC3773347__mjms-20-4-005-g1.txt,0,0,0,0,0,,
PMC3773501__nihms305731f1.txt,7,5,2,2,3,IL-6|IL-8,MOP|TYPE|IFN
PMC3773983__nihms-484044-f0002.txt,5,4,0,1,4,LE,PI|AO|KL|NUC
PMC3774329__zh50111159640006.txt,0,0,0,0,0,,
PMC3774688__pone.0073230.g002.txt,4,2,0,2,2,E|TREML,S|INT
PMC3774745__pone.0073959.g006.txt,2,2,0,0,2,,H|B
PMC3774835__nihms471147f4.txt,7,5,1,2,4,J|U,B|L|Y|L4
PMC3774928__jcbn13-28f03.txt,3,3,2,0,1,,MCL-1
PMC3775578__nihms298539f1.txt,2,2,0,0,2,,B|ON
PMC3775648__nihms495103f2.txt,2,0,0,2,0,E|R,
PMC3775648__nihms495103f3.txt,0,0,0,0,0,,
PMC3775648__nihms495103f4.txt,0,0,0,0,0,,
PMC3775648__nihms495103f5.txt,0,0,0,0,0,,
PMC3775871__nihms468897f1.txt,4,3,1,1,2,KAR,L|B
PMC3776247__2050-7771-1-5-1.txt,0,0,0,0,0,,
PMC3776465__msy-0004-0257-g02.txt,0,0,0,0,0,,
PMC3776718__IJMM-32-02-0281-g02.txt,0,0,0,0,0,,
PMC3777479__cjc-31-04-178-g002.txt,2,2,2,0,0,,
PMC3777916__pcbi.1003194.g002.txt,2,1,1,1,0,J,
PMC3780793__nihms503327f1.txt,16,9,2,7,7,LCT|J|PIP|OCRL|R|G2|S9,P|LT|PI|B|Y|IRP2|L
PMC3782004__10.1177_1947601913488598-fig1.txt,3,2,0,1,2,R,B|HER2
PMC3783342__nihms493687f3.txt,6,5,2,1,3,P13,Y|L|X
PMC3784243__nihms-516261-f0001.txt,3,3,2,0,1,,L
PMC3784244__nihms512881f10.txt,2,2,0,0,2,,Y|OF
PMC3784453__pone.0075462.g010.txt,1,0,0,1,0,FIG,
PMC3786678__nihms504943f7.txt,3,2,0,1,2,GCY,L|PKG
PMC3786863__nihms514492f3.txt,4,3,0,1,3,FATE,Y|LAG-2|GLP-1
PMC3787041__pone.0075556.g005.txt,4,3,1,1,2,TOP,IN|P
PMC3787240__12248_2013_9504_Fig2_HTML.txt,14,8,5,6,3,EL|J|R|DIM|SAX|P27,IKK|P21|Y
PMC3787764__DEV094102F8.txt,2,1,0,1,1,CELL,L
PMC3788593__nihms-501495-f0002.txt,4,3,0,1,3,HI,FR|Y|PROS
PMC3789192__cddis2013334f6.txt,0,0,0,0,0,,
PMC3790638__nihms508140f6.txt,8,5,0,3,5,R|AGS3|J,L|P|ND|GA|Y
PMC3790664__nihms430584f1.txt,16,7,3,9,4,KH|OBP|E|DHRS|TER|HT|J|SIM|LA,B|IN|MAL|FDH
PMC3791549__fimmu-04-00319-g004.txt,0,0,0,0,0,,
PMC3792053__pone.0076519.g006.txt,0,0,0,0,0,,
PMC3793171__fimmu-04-00318-g004.txt,0,0,0,0,0,,
PMC3794382__fphys-04-00278-g0001.txt,0,0,0,0,0,,
PMC3794382__fphys-04-00278-g0005.txt,0,0,0,0,0,,
PMC3794710__nihms515952f7.txt,11,9,3,2,6,ERK1|E,B|COLL|SNAIL1|ERK2|ERK|L
PMC3795306__fncir-07-00152-g002.txt,0,0,0,0,0,,
PMC3795364__cancers-05-00762-g006.txt,1,1,0,0,1,,L
PMC3797434__srep02960-f7.txt,0,0,0,0,0,,
PMC3797786__pone.0076476.g003.txt,0,0,0,0,0,,
PMC3798879__toxins-05-01664-g002.txt,0,0,0,0,0,,
PMC3799783__pone.0076166.g002.txt,0,0,0,0,0,,
PMC3800035__pone.0076895.g007.txt,0,0,0,0,0,,
PMC3800607__ECAM2013-548929.006.txt,2,2,0,0,2,,L|DF
PMC3801191__nihms519277f1.txt,1,1,0,0,1,,B
PMC3804493__pone.0078880.g004.txt,3,2,0,1,2,J,B|P
PMC3807000__en-22-133-g002.txt,0,0,0,0,0,,
PMC3807281__zjv9990981690008.txt,5,3,0,2,3,R|UI,P|L|NP
PMC3808934__ajcei0002-0195-f2.txt,5,4,2,1,2,CELL,AC|TRIF
PMC3809843__nihms491332f9.txt,0,0,0,0,0,,
PMC3810594__fendo-04-00161-g001.txt,0,0,0,0,0,,
PMC3811338__zek9990941640002.txt,8,7,1,1,6,J,CO|AS|L|AC|S|P
PMC3812949__nihms461103f1.txt,6,6,2,0,4,,ROS|NAC|ND|OF
PMC3813433__nihms396676f1.txt,6,4,1,2,3,DAMAGE|U,UP|OF|PI3K
PMC3814130__nihms93534f2.txt,9,7,2,2,5,PHOSPHO|ERK1,14-3-3|B|MEK|P|Y
PMC3814314__pgen.1003852.g005.txt,0,0,0,0,0,,
PMC3814570__ppat.1003661.g001.txt,0,0,0,0,0,,
PMC3814639__2179fig2.txt,1,0,0,1,0,R,
PMC3814639__2179fig3.txt,0,0,0,0,0,,
PMC3815519__nihms504402f3.txt,4,3,1,1,2,PIP,PI|PKB
PMC3815721__jtd-05-05-706-f1.txt,7,5,1,2,4,J|NG,L|INF|B|AC
PMC3816224__oncsis201334f8.txt,0,0,0,0,0,,
PMC3816537__nihms520763f3.txt,4,4,3,0,1,,OF
PMC3816662__pharmaceuticals-05-01236-g001.txt,0,0,0,0,0,,
PMC3817392__gr1.txt,3,2,1,1,1,J,L
PMC3817619__nihms-151053-f0008.txt,0,0,0,0,0,,
PMC3819741__1471-2156-14-94-2.txt,0,0,0,0,0,,
PMC3821079__TOMCJ-7-23_F3.txt,0,0,0,0,0,,
PMC3821554__nihms518906f1.txt,6,3,2,3,1,II|ELF|OR,TYPE
PMC3821580__ijms-14-19681f2.txt,2,1,1,1,0,ROC,
PMC3821642__ijms-14-20768f8.txt,1,1,1,0,0,,
PMC3821797__nihms525686f1.txt,13,9,4,4,5,R|CELL|T1|T2,B|ENT|RO|NIK|NF-KB2
PMC3821994__nihms510755f1.txt,1,0,0,1,0,CELL,
PMC3824607__nihms-471006-f0003.txt,0,0,0,0,0,,
PMC3824689__cddis2013380f8.txt,0,0,0,0,0,,
PMC3824880__294_2013_413_Fig1_HTML.txt,3,1,0,2,1,OUT|J,IN
PMC3825003__11357_2013_9520_Fig10_HTML.txt,0,0,0,0,0,,
PMC3825194__ooomb4-21-323-g001.txt,0,0,0,0,0,,
PMC3825194__ooomb4-21-323-g004.txt,0,0,0,0,0,,
PMC3825415__10495_2013_886_Fig3_HTML.txt,0,0,0,0,0,,
PMC3825669__grsb-7-2013-139f6.txt,0,0,0,0,0,,
PMC3827358__pone.0079350.g008.txt,0,0,0,0,0,,
PMC3827948__nihms494905f6.txt,5,4,2,1,2,ERK1,B|RAB5
PMC3829308__IJNL-12-149-g001.txt,0,0,0,0,0,,
PMC3829355__zbc0311359330001.txt,4,2,0,2,2,COAS|LI,OF|AMPK
PMC3829470__nihms-525698-f0001.txt,3,3,0,0,3,,B|PI|ON
PMC3830884__BMRI2013-298920.004.txt,0,0,0,0,0,,
PMC3831179__nihms-440651-f0014.txt,1,1,0,0,1,,B
PMC3831179__nihms-440651-f0015.txt,0,0,0,0,0,,
PMC3832598__pone.0080806.g007.txt,9,8,3,1,5,CELL,L|LAP|P21|PUMA|NOXA
PMC3833007__TSWJ2013-536350.007.txt,0,0,0,0,0,,
PMC3833016__fpls-04-00451-g001.txt,0,0,0,0,0,,
PMC3834519__fgene-04-00236-g0005.txt,0,0,0,0,0,,
PMC3834580__nihms503603f1.txt,1,0,0,1,0,CELL,
PMC3834580__nihms503603f2.txt,0,0,0,0,0,,
PMC3835791__pone.0079065.g001.txt,0,0,0,0,0,,
PMC3836044__nihms528215f2.txt,2,1,0,1,1,LTF,X
PMC3837566__nihms377464f2.txt,10,7,2,3,5,N-RAS|J|R,L|PI3K|MEK|ERK|AMPK
PMC3841102__pbio.1001721.g006.txt,0,0,0,0,0,,
PMC3841149__pone.0081769.g009.txt,1,1,0,0,1,,ON
PMC3841209__cbt-14-703-g9.txt,0,0,0,0,0,,
PMC3841341__nihms394192f2.txt,0,0,0,0,0,,
PMC3842013__nihms387699f2.txt,5,3,2,2,1,R|E,IN
PMC3842013__nihms387699f3.txt,2,1,0,1,1,DAMAGE,IN
PMC3842152__mpphys_sst070_f0002.txt,12,8,0,4,8,E|ECT|UL|HA,MI|L|RIC4|S|RL|FE|MAL|DIR
PMC3843001__3754fig9.txt,0,0,0,0,0,,
PMC3845449__CDI2013-570731.001.txt,0,0,0,0,0,,
PMC3845556__cjc-32-05-253-g001.txt,2,1,0,1,1,CELL,PI3K
PMC3845579__cjc-32-08-427-g001.txt,0,0,0,0,0,,
PMC3847091__pone.0082022.g005.txt,3,2,0,1,2,II,L|B
PMC3847167__1750-1172-8-87-4.txt,0,0,0,0,0,,
PMC3847485__1475-2867-13-90-5.txt,0,0,0,0,0,,
PMC3847488__1476-4598-12-96-6.txt,4,4,2,0,2,,H4|PCAF
PMC3847551__fphys-04-00353-g0001.txt,0,0,0,0,0,,
PMC3847587__1743-422X-10-202-5.txt,1,0,0,1,0,R,
PMC3847898__fncel-07-00224-g001.txt,0,0,0,0,0,,
PMC3849276__pone.0081807.g006.txt,5,4,1,1,3,II,PSGL-1|MI|X
PMC3849657__2045-3701-3-33-1.txt,0,0,0,0,0,,
PMC3849893__1743-422X-10-299-1.txt,1,0,0,1,0,J,
PMC3851046__1478-811X-11-74-7.txt,0,0,0,0,0,,
PMC3852805__BMRI2013-740573.002.txt,0,0,0,0,0,,
PMC3852811__emss-52517-f0001.txt,0,0,0,0,0,,
PMC3854132__pcbi.1003358.g001.txt,0,0,0,0,0,,
PMC3854659__CCGTM-7-9_F1.txt,0,0,0,0,0,,
PMC3855069__nihms512984f1.txt,7,3,1,4,2,CAC|R|J|IL-6,GP130|IL-11
PMC3855388__pone.0082160.g004.txt,0,0,0,0,0,,
PMC3855406__nihms505287f2.txt,0,0,0,0,0,,
PMC3855473__nihms-492489-f0002.txt,4,4,0,0,4,,P100|BAFF|NIK|Y
PMC3855681__pone.0080918.g004.txt,8,7,4,1,3,R,S|SEB|SF
PMC3856107__ijms-14-23086f3.txt,0,0,0,0,0,,
PMC3857070__pharmaceutics-03-00338f2.txt,0,0,0,0,0,,
PMC3857155__nihms-523071-f0001.txt,1,0,0,1,0,CELL,
PMC3857640__nihms460775f5.txt,7,5,3,2,2,J|CELL,S|L
PMC3858220__pone.0077922.g007.txt,3,1,1,2,0,J1|J,
PMC3858325__nihms473916f4.txt,14,7,4,7,3,T1|II|PROL|E|CEL|U|CELL,L|B|S
PMC3858357__pone.0083360.g005.txt,4,4,0,0,4,,CI|ERK|L|GL
PMC3858370__pbio.1001733.g008.txt,0,0,0,0,0,,
PMC3858975__nihms362673f2.txt,3,2,2,1,0,PCN,
PMC3859655__pone.0083067.g006.txt,3,3,2,0,1,,SMAD1
PMC3861040__pgen.1003975.g005.txt,0,0,0,0,0,,
PMC3862569__pone.0081938.g006.txt,2,1,0,1,1,TC,L
PMC3862800__pone.0083580.g006.txt,4,2,1,2,1,J|CELL,P
PMC3863464__MI2013-518183.006.txt,2,1,0,1,1,CA,TN
PMC3863673__ceo-6-237-g005.txt,0,0,0,0,0,,
PMC3864863__pone.0081937.g007.txt,0,0,0,0,0,,
PMC3865371__fphys-04-00375-g0003.txt,0,0,0,0,0,,
PMC3865727__fphys-04-00370-g0003.txt,0,0,0,0,0,,
PMC3866163__pone.0082751.g011.txt,0,0,0,0,0,,
PMC3866415__zns9991346540014.txt,9,7,1,2,6,J|R,S|SE|MLC|P|L|LAM
PMC3867757__jmbe-14-197f1.txt,4,3,1,1,2,R,S|H
PMC3868569__pgen.1004020.g001.txt,8,6,1,2,5,E|BAFL,FR|B|L|DF|H
PMC3868569__pgen.1004020.g010.txt,6,4,1,2,3,R|J,AMPK|TN|AC
PMC3870411__fimmu-04-00478-g001.txt,0,0,0,0,0,,
PMC3870656__ISRN.INFLAMMATION2013-512103.002.txt,0,0,0,0,0,,
PMC3870928__zns9991449750009.txt,0,0,0,0,0,,
PMC3871617__pone.0082951.g005.txt,0,0,0,0,0,,
PMC3871684__pone.0083906.g001.txt,5,2,1,3,1,J|OX|R,DI
PMC3873150__nihms-537955-f0002.txt,4,3,0,1,3,CA2,GPCR|ER|IN
PMC3874981__SCIENTIFICA2013-684736.003.txt,3,2,0,1,2,J,X|L
PMC3874981__SCIENTIFICA2013-684736.004.txt,0,0,0,0,0,,
PMC3874981__SCIENTIFICA2013-684736.005.txt,0,0,0,0,0,,
PMC3875765__oncotarget-04-1999-g007.txt,2,1,0,1,1,HCC,GR
PMC3875894__2043-9113-3-20-3.txt,0,0,0,0,0,,
PMC3875925__nutrients-05-04978-g002.txt,0,0,0,0,0,,
PMC3876277__nihms533252f1.txt,18,13,5,5,8,CELL|U|ELF|E|IGH,NES|PGC1|OF|MAL|IN|H|FMLP|B
PMC3876736__nihms536072f6.txt,9,5,2,4,3,OR|LSR|J|M1,OF|L|B
PMC3877019__pone.0083345.g004.txt,0,0,0,0,0,,
PMC3877118__pone.0083941.g008.txt,8,5,2,3,3,SYNGAP|R|EL,GLUN2B|AM|PARS
PMC3877388__pone.0085737.g006.txt,3,3,2,0,1,,CD24
PMC3877975__1743-422X-10-361-5.txt,0,0,0,0,0,,
PMC3880197__nihms540200f2.txt,0,0,0,0,0,,
PMC3880276__pone.0083908.g009.txt,0,0,0,0,0,,
PMC3880582__nihms537624f4.txt,5,4,0,1,4,AIH,S|B|H|RN
PMC3880986__ijmsv11p0007g010.txt,0,0,0,0,0,,
PMC3881186__nihms262033f4.txt,4,4,2,0,2,,ASC|L
PMC3881972__nihms-278354-f0001.txt,1,0,0,1,0,E,
PMC3883087__nihms527962f2.txt,1,1,1,0,0,,
PMC3883963__13_099_chenf3.txt,0,0,0,0,0,,
PMC3885983__nihms542217f1.txt,11,7,2,4,5,R|DUET|HOOK|GPC,ERK|P12|L|IP|GEM
PMC3885983__nihms542217f8.txt,6,5,2,1,3,FATE,B|ERK|RAL
PMC3886813__nihms199929f2.txt,0,0,0,0,0,,
PMC3887612__ksmcb-31-483-g005.txt,0,0,0,0,0,,
PMC3887879__molcell-35-6-463-1f1.txt,0,0,0,0,0,,
PMC3889250__12079_2013_200_Fig1_HTML.txt,0,0,0,0,0,,
PMC3889251__12079_2013_199_Fig1_HTML.txt,0,0,0,0,0,,
PMC3889251__12079_2013_199_Fig9_HTML.txt,0,0,0,0,0,,
PMC3889255__12079_2013_197_Fig1_HTML.txt,0,0,0,0,0,,
PMC3889256__12079_2013_207_Fig7_HTML.txt,0,0,0,0,0,,
PMC3889478__nihms-540501-f0001.txt,0,0,0,0,0,,
PMC3889683__432_2013_1494_Fig3_HTML.txt,0,0,0,0,0,,
PMC3890531__1471-2164-14-904-3.txt,0,0,0,0,0,,
PMC3890531__1471-2164-14-904-4.txt,0,0,0,0,0,,
PMC3890531__1471-2164-14-904-5.txt,0,0,0,0,0,,
PMC3890654__fimmu-04-00512-g001.txt,0,0,0,0,0,,
PMC3890654__fimmu-04-00512-g002.txt,0,0,0,0,0,,
PMC3891255__zh20161370120002.txt,0,0,0,0,0,,
PMC3891361__an2013-0023i008.txt,0,0,0,0,0,,
PMC3893574__fphys-04-00408-g0001.txt,0,0,0,0,0,,
PMC3894178__pgen.1004098.g006.txt,1,1,0,0,1,,JH
PMC3894232__jkst-2-e24931-g2.txt,5,1,0,4,1,CELL|U|R|J,L
PMC3895693__1476-4598-13-6-6.txt,0,0,0,0,0,,
PMC3895947__nihms474454f4.txt,2,2,2,0,0,,
PMC3896370__pone.0085296.g006.txt,0,0,0,0,0,,
PMC3897622__pone.0086103.g006.txt,0,0,0,0,0,,
PMC3897773__pone.0087014.g007.txt,0,0,0,0,0,,
PMC3898101__onc201344f8.txt,0,0,0,0,0,,
PMC3898176__nihms546640f2a.txt,9,6,1,3,5,TUBE|LIT|FA,PELLE|L|IMD|P|B
PMC3899118__pone.0085902.g005.txt,3,1,1,2,0,J|MS,
PMC3899443__1479-5876-12-16-3.txt,0,0,0,0,0,,
PMC3899443__1479-5876-12-16-4.txt,0,0,0,0,0,,
PMC3900764__fncom-08-00003-g0001.txt,0,0,0,0,0,,
PMC3901342__1471-2164-15-47-4.txt,0,0,0,0,0,,
PMC3902172__nihms-498782-f0007.txt,0,0,0,0,0,,
PMC3903228__pnas.1321510111fig07.txt,0,0,0,0,0,,
PMC3903278__mbo0011417160008.txt,3,2,1,1,1,E,L
PMC3903560__1479-5876-12-11-7.txt,0,0,0,0,0,,
PMC3903585__nihms-546630-f0002.txt,5,3,0,2,3,U|YO,B|TLL|L
PMC3904226__nihms546365f3.txt,2,2,1,0,1,,ABS
PMC3904612__JCI70198.f8.txt,0,0,0,0,0,,
PMC3905307__nihms491378f1.txt,7,4,1,3,3,CELL|J|OR,L|OF|IN
PMC3906024__pone.0079987.g001.txt,0,0,0,0,0,,
PMC3906049__pone.0086183.g007.txt,6,4,0,2,4,UL|J,IN|L|Y|OF
PMC3906428__jkst-2-e27203-g1.txt,0,0,0,0,0,,
PMC3909037__psb-8-e24686-g2.txt,0,0,0,0,0,,
PMC3909204__pone.0087714.g001.txt,3,2,0,1,2,MA,VN|B
PMC3909570__13205_2013_121_Fig4_HTML.txt,2,0,0,2,0,E|II,
PMC3910974__zek9990942190004.txt,4,2,0,2,2,GPA2|CELL,TORC1|P
PMC3912096__pp_231928_f11.txt,4,1,0,3,1,II|U|ST,NRP
PMC3912139__pone.0087875.g006.txt,0,0,0,0,0,,
PMC3912738__fendo-05-00010-g001.txt,0,0,0,0,0,,
PMC3912738__fendo-05-00010-g005.txt,0,0,0,0,0,,
PMC3912804__IJPharm-46-3-g001.txt,13,8,4,5,4,OR|CELL|BASE|RED|U,IN|ON|OF|BAR
PMC3912804__IJPharm-46-3-g002.txt,13,9,4,4,5,PAL|LE|PROL|E,ON|CI|FU|IN|L
PMC3912804__IJPharm-46-3-g003.txt,11,8,2,3,6,OR|RED|HE,ON|TYPE|AN|OF|CAN|IN
PMC3912804__IJPharm-46-3-g004.txt,13,8,1,5,7,E|R|SECRET|OR|CELL,ON|L|RPC|IN|OCT|CHE|AN
PMC3912804__IJPharm-46-3-g005.txt,8,6,1,2,5,CELL|LI,VEGF|TYPE|IN|S|L
PMC3912804__IJPharm-46-3-g006.txt,7,4,1,3,3,CELL|ARC|DTE,L|TYPE|IN
PMC3913696__pone.0087810.g008.txt,0,0,0,0,0,,
PMC3913887__fphys-05-00019-g0009.txt,0,0,0,0,0,,
PMC3913901__fimmu-05-00034-g004.txt,0,0,0,0,0,,
PMC3913901__fimmu-05-00034-g005.txt,0,0,0,0,0,,
PMC3913963__1756-8722-7-13-2.txt,0,0,0,0,0,,
PMC3913963__1756-8722-7-13-5.txt,0,0,0,0,0,,
PMC3914352__BMRI2014-686505.010.txt,0,0,0,0,0,,
PMC3914444__fonc-04-00013-g002.txt,0,0,0,0,0,,
PMC3914973__pone.0088301.g006.txt,1,0,0,1,0,CELL,
PMC3915939__nihms548887f4.txt,4,2,1,2,1,CELL|J,OF
PMC3916982__BR-02-01-0041-g00.txt,0,0,0,0,0,,
PMC3917548__BR-01-06-0837-g00.txt,0,0,0,0,0,,
PMC3919687__nihms547222f5.txt,10,6,2,4,4,RED|J|U|UL,IN|S|CBP|L
PMC3919687__nihms547222f6.txt,7,5,2,2,3,RED|R,IN|S|TA1
PMC3920780__S162fig2.txt,0,0,0,0,0,,
PMC3920843__SCIENTIFICA2014-793815.004.txt,9,7,1,2,6,NF-KB|R,IKKA|IKK|L|NIK|P52|B
PMC3920940__cddis2013407f7.txt,0,0,0,0,0,,
PMC3922094__2041-1480-5-7-1.txt,1,0,0,1,0,R,
PMC3922814__pone.0088386.g006.txt,2,0,0,2,0,GILT|CELL,
PMC3923659__pcbi.1003470.g001.txt,0,0,0,0,0,,
PMC3923659__pcbi.1003470.g002.txt,0,0,0,0,0,,
PMC3923659__pcbi.1003470.g003.txt,1,1,0,0,1,,B
PMC3924561__nihms-550516-f0001.txt,0,0,0,0,0,,
PMC3924831__genes-04-00306-g002.txt,0,0,0,0,0,,
PMC3925772__nihms548108f1.txt,8,5,0,3,5,FATE|LIGHT|E,IN|Y|B|CO|L
PMC3926869__onci-2-e26961-g1.txt,5,3,0,2,3,CELL|MASS,S|PI3K|CO
PMC3928074__nihms550827f1.txt,6,6,1,0,5,,P|VEGF|HIF-1|MCL-1|C-MYC
PMC3928842__ABR-3-1-g002.txt,4,1,1,3,0,NS|E|16,
PMC3931013__nihms552613f3.txt,37,36,34,1,2,WNT9A,SENP2|SFRP2
PMC3931733__DEV092502F5.txt,0,0,0,0,0,,
PMC3931971__13671_2014_69_Fig1_HTML.txt,7,7,3,0,4,,B|OF|ON|L
PMC3932036__1755-8794-7-4-5.txt,0,0,0,0,0,,
PMC3932224__IJCB2014-715867.003.txt,0,0,0,0,0,,
PMC3932967__1414-431X-bjmbr-47-01-00001-gf002.txt,0,0,0,0,0,,
PMC3932994__nihms554782f1.txt,2,2,1,0,1,,CO
PMC3933272__1471-2164-14-592-4.txt,0,0,0,0,0,,
PMC3934076__WO-17-20946-g001.txt,0,0,0,0,0,,
PMC3935308__bau007f2p.txt,2,2,1,0,1,,H
PMC3936199__nihms-551241-f0003.txt,2,2,2,0,0,,
PMC3937030__1472-6750-14-15-1.txt,0,0,0,0,0,,
PMC3937033__1752-0509-8-17-8.txt,0,0,0,0,0,,
PMC3939323__jls0011432660003.txt,0,0,0,0,0,,
PMC3940060__fgene-05-00049-g0001.txt,4,1,0,3,1,J|II|U,FI
PMC3940357__nihms397088f1.txt,4,2,0,2,2,CA2|JNK,B|OF
PMC3940872__pone.0090275.g007.txt,9,9,5,0,4,,STAT5|C-FOS|CIS|C-MYC
PMC3941707__nihms556521f8.txt,1,0,0,1,0,MG53,
PMC3942504__in-14-21-g001.txt,0,0,0,0,0,,
PMC3942836__WJG-20-2335-g001.txt,0,0,0,0,0,,
PMC3943226__jrd-59-018-g001.txt,0,0,0,0,0,,
PMC3944789__fncel-08-00065-g001.txt,0,0,0,0,0,,
PMC3945295__pgen.1004183.g003.txt,5,3,0,2,3,T1|K2,H|P|CDC16
PMC3947888__nihms557264f1.txt,0,0,0,0,0,,
PMC3948775__pone.0091077.g008.txt,1,0,0,1,0,J,
PMC3948775__pone.0091077.g009.txt,0,0,0,0,0,,
PMC3950190__dmj-38-13-g002.txt,0,0,0,0,0,,
PMC3950223__pone.0091580.g005.txt,1,1,0,0,1,,L
PMC3950298__pone.0091730.g009.txt,0,0,0,0,0,,
PMC3950678__gkt1277f6p.txt,0,0,0,0,0,,
PMC3951857__nihms332125f1.txt,2,0,0,2,0,MASS|SOST,
PMC3952157__mbo0011417670003.txt,0,0,0,0,0,,
PMC3952558__nihms-556997-f0002.txt,4,3,1,1,2,NF-I,AP-1|TYPE
PMC3953114__pone.0089956.g006.txt,0,0,0,0,0,,
PMC3953715__fnmol-07-00018-g001.txt,0,0,0,0,0,,
PMC3954160__f1000research-3-3698-g0000.txt,1,0,0,1,0,CALML6,
PMC3954580__nihms337812f2.txt,1,0,0,1,0,TRAN,
PMC3954580__nihms337812f5.txt,0,0,0,0,0,,
PMC3956502__viru-5-270-g4.txt,0,0,0,0,0,,
PMC3956514__viru-5-357-g4.txt,0,0,0,0,0,,
PMC3956809__grsb-8-2014-075f4.txt,0,0,0,0,0,,
PMC3958333__pbio.1001810.g013.txt,0,0,0,0,0,,
PMC3958908__ijms-15-03234f1.txt,1,0,0,1,0,R,
PMC3960188__oncotarget-05-0049-f001.txt,5,5,3,0,2,,P|Z
PMC3960487__fphys-05-00103-g0002.txt,4,4,1,0,3,,H|X|L
PMC3962152__CSBJ-1-e201207005-g004.txt,0,0,0,0,0,,
PMC3963847__pone.0091094.g008.txt,3,2,0,1,2,J,B|L
PMC3965205__nihms570994f1.txt,0,0,0,0,0,,
PMC3965409__pone.0092398.g006.txt,0,0,0,0,0,,
PMC3967167__viruses-05-03192-g001.txt,0,0,0,0,0,,
PMC3967167__viruses-05-03192-g004.txt,0,0,0,0,0,,
PMC3967167__viruses-05-03192-g006.txt,0,0,0,0,0,,
PMC3967813__SCIENTIFICA2014-970315.002.txt,0,0,0,0,0,,
PMC3969038__molcell-37-3-189-1f1.txt,8,5,2,3,3,CELL|E|NF-KB,IN|CD7|IKK
PMC3969039__molcell-37-3-196-2f2.txt,3,2,0,1,2,J,B|L
PMC3971589__evu038f1.txt,3,2,0,1,2,TOG,GPCR|SI
PMC3971994__nihms566637f1.txt,2,2,1,0,1,,MEK1
PMC3972149__pone.0093547.g005.txt,0,0,0,0,0,,
PMC3972686__cells-02-00361-g008.txt,0,0,0,0,0,,
PMC3973006__1478-811X-12-22-8.txt,1,1,0,0,1,,PZ
PMC3973051__13238_2013_13_Fig3_HTML.txt,0,0,0,0,0,,
PMC3973063__13238_2013_2_Fig1_HTML.txt,0,0,0,0,0,,
PMC3973063__13238_2013_2_Fig2_HTML.txt,5,3,1,2,2,J|R,P|END
PMC3973216__cddis201498f4.txt,0,0,0,0,0,,
PMC3973863__1476-4598-13-48-7.txt,0,0,0,0,0,,
PMC3974572__medrep-06-23-g002.txt,0,0,0,0,0,,
PMC3974699__pone.0092926.g006.txt,1,1,0,0,1,,P
PMC3974726__pone.0092481.g008.txt,0,0,0,0,0,,
PMC3975838__1756-8722-7-18-1.txt,0,0,0,0,0,,
PMC3975838__1756-8722-7-18-2.txt,0,0,0,0,0,,
PMC3975884__1746-1596-9-48-1.txt,0,0,0,0,0,,
PMC3976145__nihms567403f1.txt,1,1,0,0,1,,ON
PMC3976307__pone.0093818.g005.txt,3,3,1,0,2,,P|S
PMC3976829__BMRI2014-724274.004.txt,0,0,0,0,0,,
PMC3976861__ISRN.TOXICOLOGY2014-976428.002.txt,0,0,0,0,0,,
PMC3977945__2045-3701-4-13-2.txt,0,0,0,0,0,,
PMC3978385__nihms-570892-f0003.txt,8,7,1,1,6,J,B|CRAF|MEK|TIF|L|ERK
PMC3978385__nihms-570892-f0004.txt,7,6,3,1,3,U,MEK|ERK|OF
PMC3979352__nihms566930f1.txt,0,0,0,0,0,,
PMC3979733__pone.0093960.g007.txt,0,0,0,0,0,,
PMC3979765__pone.0094114.g009.txt,1,1,0,0,1,,S1P
PMC3979852__pone.0094445.g008.txt,10,5,1,5,4,NF-KB|J|R|IL-10|IL-6,IKBA|X|L|TN
PMC3980473__nihms481367f6.txt,0,0,0,0,0,,
PMC3981027__gr6.txt,4,2,1,2,1,NA|CA2,TS
PMC3981532__nihms127992f1.txt,5,4,1,1,3,II,L|TYPE|TOR
PMC3981814__pone.0094496.g006.txt,8,7,3,1,4,CELL,B|LPS|VEGF|PI3K
PMC3982803__nihms-569808-f0001.txt,0,0,0,0,0,,
PMC3983080__pcbi.1003546.g001.txt,1,0,0,1,0,NE,
PMC3983496__fphys-05-00131-g0002.txt,11,6,0,5,6,CA|STIM|E|BLAST|II,MEC|L|ON|ND|AM|SUR
PMC3983720__nihms567949f8.txt,10,8,6,2,2,R|J,L|NURR1
PMC3983859__1742-2094-11-72-6.txt,0,0,0,0,0,,
PMC3984840__nihms-376300-f0003.txt,6,3,1,3,2,NOL|CELL|HS,B|P
PMC3986667__1752-0509-8-39-3.txt,0,0,0,0,0,,
PMC3988951__gr6.txt,0,0,0,0,0,,
PMC3993994__nihms569654f1.txt,1,1,0,0,1,,IKK
PMC3994297__kjpp-18-109-g008.txt,0,0,0,0,0,,
PMC3994550__1471-2121-15-9-1.txt,0,0,0,0,0,,
PMC3995118__fig-5.txt,2,1,0,1,1,E,B
PMC3995778__pone.0095413.g004.txt,2,1,1,1,0,J,
PMC3995778__pone.0095413.g005.txt,0,0,0,0,0,,
PMC3996160__13238_2014_26_Fig6_HTML.txt,0,0,0,0,0,,
PMC3997497__pone.0095912.g012.txt,0,0,0,0,0,,
PMC3997674__OL-07-05-1327-g00.txt,0,0,0,0,0,,
PMC3997674__OL-07-05-1327-g01.txt,2,1,0,1,1,U,S
PMC3997714__OL-07-05-1345-g02.txt,4,2,0,2,2,AU|CELL,SUR|L
PMC3998120__nihms571268f4.txt,14,13,6,1,7,CYTIP,L|RO|ACT|PI3K|GPCR|PERIOSTIN|HIF2A
PMC3998676__nihms395811f1.txt,8,4,0,4,4,PROT|GY|OP|E,L|AP|S|PR
PMC3998841__nihms570576f2.txt,13,6,3,7,3,IL-6|IL-1A|J|COT|R|ERK1|E,LPS|CO|P38
PMC3999155__ppat.1004041.g006.txt,3,0,0,3,0,MAVS|U|J,
PMC4000238__nihms568219f1.txt,1,1,0,0,1,,B
PMC4000238__nihms568219f2.txt,9,8,5,1,3,R,L|P|PTHRP
PMC4000644__CMMM2014-340758.001.txt,0,0,0,0,0,,
PMC4000931__BMRI2014-797898.002.txt,1,1,1,0,0,,
PMC4000931__BMRI2014-797898.003.txt,1,0,0,1,0,16,
PMC4001041__fimmu-05-00169-g001.txt,0,0,0,0,0,,
PMC4001295__cddis2014101f7.txt,0,0,0,0,0,,
PMC4001531__JCI69611.f4.txt,0,0,0,0,0,,
PMC4001958__1657-9534-cm-43-03-00235-gf01.txt,0,0,0,0,0,,
PMC4002015__1657-9534-cm-44-01-00057-gf01.txt,2,1,1,1,0,PHOSPHO,
PMC4002810__cmi201159f1.txt,0,0,0,0,0,,
PMC4002811__cmi201160f2.txt,0,0,0,0,0,,
PMC4003375__cmi201353f1.txt,0,0,0,0,0,,
PMC4003867__nihms401967f1.txt,0,0,0,0,0,,
PMC4004623__ar-2013-00286b_0006.txt,0,0,0,0,0,,
PMC4005015__nihms239986f9a.txt,1,0,0,1,0,FIG,
PMC4006025__fcimb-04-00049-g0002.txt,1,0,0,1,0,DAMAGE,
PMC4007631__1755-8794-7-13-3.txt,33,19,2,14,17,R|J|EL|U|EFO|SPON|MT|SS|APO|E|CNT|OR|SYM|PF,L|P|B|S|DI|CO|ND|PM|ENT|TR|OF|SC|PME|NTAL|NEU|IN|SIS
PMC4007780__1752-0509-8-30-1.txt,1,1,1,0,0,,
PMC4007928__997.fig1.txt,1,1,0,0,1,,P53
PMC4008004__jdi-1-134-g1.txt,14,13,8,1,5,TXNIP,RL|ALK3|UBC9|PERIOSTIN|HSP47
PMC4009148__JIR2014-602846.002.txt,2,0,0,2,0,II|UL,
PMC4009148__JIR2014-602846.003.txt,1,0,0,1,0,STL,
PMC4009183__MI2014-451826.007.txt,2,2,1,0,1,,ALT
PMC4009444__fphar-05-00086-g002.txt,0,0,0,0,0,,
PMC4011321__aps201252f8.txt,0,0,0,0,0,,
PMC4011580__oncotarget-05-1026-g006.txt,0,0,0,0,0,,
PMC4012154__12035_2013_8620_Fig1_HTML.txt,0,0,0,0,0,,
PMC4012260__cjc-30-01-013-g002.txt,8,4,2,4,2,R|LI|J|U,Y|AS
PMC4012260__cjc-30-01-013-g003.txt,3,2,0,1,2,R,CO|L
PMC4012266__cjc-30-10-655-g002.txt,7,4,0,3,4,U|LI|OR,L|ON|IN|ATGL
PMC4012433__marinedrugs-12-01939-g009.txt,0,0,0,0,0,,
PMC4012725__oncotarget-05-1116-g001.txt,3,1,1,2,0,R|CELL,
PMC4012780__cmi201311f1.txt,0,0,0,0,0,,
PMC4012926__cmi201139f1.txt,0,0,0,0,0,,
PMC4012993__pone.0091376.g006.txt,0,0,0,0,0,,
PMC4013405__cjc-30-08-551-g003.txt,3,3,0,0,3,,HRS|A2|RB
PMC4013419__cjc-30-07-442-g001.txt,0,0,0,0,0,,
PMC4013623__ijms-15-06184f3.txt,3,2,1,1,1,R,B
PMC4013640__ijms-15-06453f2.txt,0,0,0,0,0,,
PMC4013644__ijms-15-06517f3.txt,0,0,0,0,0,,
PMC4013649__ijms-15-06592f7.txt,0,0,0,0,0,,
PMC4013670__ijms-15-06925f6.txt,0,0,0,0,0,,
PMC4014232__ijcep0007-1524-f2.txt,4,3,1,1,2,E,B|H2
PMC4014440__pgen.1004297.g009.txt,0,0,0,0,0,,
PMC4014746__1897-4287-12-13-1.txt,1,1,1,0,0,,
PMC4016011__pone.0096797.g001.txt,2,1,0,1,1,MLK3,SE
PMC4016200__pone.0096946.g006.txt,10,6,2,4,4,R|UL|NG|NS,OT|FS|NAC|ROS
PMC4016833__BMRI2014-679168.001.txt,0,0,0,0,0,,
PMC4017039__WJG-20-5244-g001.txt,0,0,0,0,0,,
PMC4017424__GHFBB-4-127-g001.txt,0,0,0,0,0,,
PMC4017424__GHFBB-4-127-g004.txt,0,0,0,0,0,,
PMC4017430__GHFBB-4-192-g001.txt,0,0,0,0,0,,
PMC4018296__pone.0096776.g003.txt,5,5,1,0,4,,MEK|TOR|B|C-JUN
PMC4018296__pone.0096776.g004.txt,0,0,0,0,0,,
PMC4018296__pone.0096776.g005.txt,0,0,0,0,0,,
PMC4018296__pone.0096776.g006.txt,0,0,0,0,0,,
PMC4018400__pone.0097471.g004.txt,0,0,0,0,0,,
PMC4019493__1620fig8.txt,6,2,2,4,0,RICH|J|U|PIT,
PMC4020352__nihms575521f1.txt,3,3,2,0,1,,SCAR
PMC4020352__nihms575521f3.txt,0,0,0,0,0,,
PMC4020542__BMRI2014-728019.005.txt,0,0,0,0,0,,
PMC4020729__jdi-3-130-g1.txt,5,5,0,0,5,,ENT|P1|S|P3|GLUT12
PMC4021040__nihms-318070-f0002.txt,0,0,0,0,0,,
PMC4022607__tisb-2-e28127-g3.txt,0,0,0,0,0,,
PMC4023177__1477-5956-12-22-3.txt,0,0,0,0,0,,
PMC4023363__AJA-16-378-g001.txt,12,10,6,2,4,TFEB|OR,PI3K|FIP200|OF|AA
PMC4024417__BMRI2014-965631.001.txt,0,0,0,0,0,,
PMC4026543__cjc-33-05-231-g002.txt,6,3,2,3,1,EPH|EPHB4|J,L
PMC4026686__fendo-05-00071-g001.txt,0,0,0,0,0,,
PMC4026686__fendo-05-00071-g002.txt,0,0,0,0,0,,
PMC4026697__fendo-05-00072-g003.txt,0,0,0,0,0,,
PMC4027372__ml-2013-00014t_0006.txt,2,2,0,0,2,,Y|L
PMC4027996__1471-2202-15-61-5.txt,0,0,0,0,0,,
PMC4028780__1297-9716-44-120-3.txt,0,0,0,0,0,,
PMC4028840__1750-9378-8-49-1.txt,0,0,0,0,0,,
PMC4029079__1471-2164-15-182-3.txt,0,0,0,0,0,,
PMC4029595__nihms-582785-f0007.txt,3,1,1,2,0,U|J,
PMC4029773__nihms577662f1.txt,13,10,5,3,5,MICE|NUDE|AOX,STAT5|FAT|IN|GH|AP2
PMC4029773__nihms577662f2.txt,5,4,1,1,3,CELL,S|GH|L
PMC4030437__nihms580707f2.txt,1,1,0,0,1,,L
PMC4030835__biomolecules-02-00331-g003.txt,0,0,0,0,0,,
PMC4031107__64_23_2.txt,2,1,0,1,1,R,IFL
PMC4031445__nihms-499360-f0002.txt,8,6,3,2,3,E|JNK,ERK|EPAC|L
PMC4032276__pone.0098185.g007.txt,5,4,2,1,2,NF-KB,AMPK|P38
PMC4032327__pone.0098208.g005.txt,0,0,0,0,0,,
PMC4032892__fonc-04-00108-g001.txt,0,0,0,0,0,,
PMC4033045__fnmol-07-00046-g001.txt,0,0,0,0,0,,
PMC4033076__fphar-05-00113-g003.txt,5,2,1,3,1,U|LIS|CA,FE
PMC4033362__fendo-05-00079-g003.txt,0,0,0,0,0,,
PMC4033955__pharmaceuticals-03-01842-g003.txt,0,0,0,0,0,,
PMC4034118__nihms581332f6.txt,7,4,2,3,2,E|R|II,Z|B
PMC4037312__AD-5-3-203-Figure-3.txt,0,0,0,0,0,,
PMC4037577__MI2014-978463.003.txt,3,3,0,0,3,,AMPK|ENOS|COX2
PMC4037577__MI2014-978463.004.txt,4,2,0,2,2,JNK|IL-6,TNFA|MCP-1
PMC4038461__pcbi.1003578.g006.txt,0,0,0,0,0,,
PMC4038485__pgen.1004371.g008.txt,1,1,0,0,1,,RP
PMC4039177__nihms199097f1.txt,6,3,0,3,3,ST|E|J,H|L|CI
PMC4041052__1477-5956-12-30-9.txt,1,1,0,0,1,,L
PMC4041713__nihms589041f2.txt,8,7,3,1,4,CELL,L|H|P|MIR
PMC4041713__nihms589041f4.txt,6,2,2,4,0,R|CELL|E|OP,
PMC4041745__pone.0098229.g001.txt,6,5,0,1,5,HE,OF|ON|L|AS|SIS
PMC4041745__pone.0098229.g004.txt,2,1,1,1,0,E,
PMC4041745__pone.0098229.g005.txt,3,3,1,0,2,,L|X
PMC4041745__pone.0098229.g006.txt,1,1,0,0,1,,Y
PMC4041994__12864_2014_6081_Fig3_HTML.txt,1,0,0,1,0,E,
PMC4042299__bcj201429f3.txt,0,0,0,0,0,,
PMC4042834__1753-6561-7-S7-S2-4.txt,0,0,0,0,0,,
PMC4045758__pone.0098653.g004.txt,4,3,0,1,3,IV,B|IF|L
PMC4046017__1297-9716-45-54-2.txt,2,2,0,0,2,,X|PI
PMC4047088__pone.0099195.g007.txt,1,1,0,0,1,,IN
PMC4047536__srep05208-f1.txt,6,1,0,5,1,E|J|ST|M1|CASC,L
PMC4047762__nihms-580605-f0006.txt,1,0,0,1,0,BMP9,
PMC4047870__cddis2014178f1.txt,4,4,4,0,0,,
PMC4047873__cddis2014229f8.txt,1,0,0,1,0,CELL,
PMC4047895__cddis2014215f1.txt,3,1,0,2,1,R|J,L
PMC4048185__pone.0097788.g009.txt,3,2,0,1,2,MUC5AC,ER|P
PMC4049685__OL-07-06-1761-g01.txt,0,0,0,0,0,,
PMC4049898__org-10-86-g2.txt,2,0,0,2,0,E|L6,
PMC4049900__org-10-96-g2.txt,7,2,0,5,2,CELL|PCP|U|TUB|E,L|OF
PMC4051376__1471-2407-14-375-7.txt,1,1,0,0,1,,OF
PMC4051675__pone.0099343.g001.txt,7,4,1,3,3,U|J|R,L|AOC|B
PMC4051765__pone.0099772.g001.txt,0,0,0,0,0,,
PMC4052099__fgene-05-00176-g0001.txt,0,0,0,0,0,,
PMC4052302__marinedrugs-12-02485-g010.txt,0,0,0,0,0,,
PMC4052347__1752-0509-8-57-5.txt,1,1,1,0,0,,
PMC4052372__nihms582555f1.txt,1,0,0,1,0,R,
PMC4052545__pharmaceuticals-04-00117f1.txt,0,0,0,0,0,,
PMC4052696__BMRI2014-351095.009.txt,0,0,0,0,0,,
PMC4052840__nihms-397790-f0002.txt,1,1,0,0,1,,L
PMC4053266__1471-2105-15-162-3.txt,0,0,0,0,0,,
PMC4053348__nihms-426635-f0001.txt,2,2,2,0,0,,
PMC4055569__pcbi.1003666.g002.txt,0,0,0,0,0,,
PMC4057083__pone.0097902.g008.txt,0,0,0,0,0,,
PMC4057583__1755-8794-7-30-10.txt,0,0,0,0,0,,
PMC4058194__BMRI2014-375980.006.txt,0,0,0,0,0,,
PMC4058194__BMRI2014-375980.008.txt,1,1,0,0,1,,P
PMC4058521__BMRI2014-504808.001.txt,8,4,1,4,3,ST|HI|NOL|II,ERK|L|PKC
PMC4060523__nihms588161f2.txt,5,2,1,3,1,ACTIVIN|GP|CELL,TOR
PMC4061041__pone.0099983.g006.txt,3,1,0,2,1,AG|J,RS
PMC4061726__emss-59125-f0001.txt,3,1,0,2,1,CA2|PCP,B
PMC4063677__pcbi.1003655.g001.txt,4,3,2,1,1,J,DELTA
PMC4063740__pntd.0002949.g008.txt,0,0,0,0,0,,
PMC4063991__12079_2014_224_Fig1_HTML.txt,0,0,0,0,0,,
PMC4064951__dddt-8-775Fig1.txt,5,4,0,1,4,CELL,B|MEK|ERK|OF
PMC4065045__pone.0100613.g006.txt,0,0,0,0,0,,
PMC4065255__1123f1.txt,0,0,0,0,0,,
PMC4065738__BMRI2014-160692.003.txt,0,0,0,0,0,,
PMC4065826__en-23-130-g002.txt,0,0,0,0,0,,
PMC4065969__WJG-13-497-g002.txt,0,0,0,0,0,,
PMC4066200__fimmu-05-00277-g002.txt,1,0,0,1,0,R,
PMC4066587__fpls-05-00297-g002.txt,0,0,0,0,0,,
PMC4067518__1477-7827-12-50-7.txt,0,0,0,0,0,,
PMC4067518__1477-7827-12-50-8.txt,0,0,0,0,0,,
PMC4067946__1471-2105-14-S19-S2-3.txt,13,9,2,4,7,R|UI|U|NAN,P|L|DF|SON|CO|B|OCT
PMC4068075__1939-4551-7-13-3.txt,1,0,0,1,0,J,
PMC4069059__pone.0100127.g007.txt,0,0,0,0,0,,
PMC4069097__pone.0100787.g006.txt,0,0,0,0,0,,
PMC4069606__nihms-596860-f0001.txt,5,1,0,4,1,R|CELL|NE|OR,B
PMC4070412__fpls-05-00284-g005.txt,9,6,1,3,5,J|R|ALC,KL|L|GA|S|X
PMC4070524__nihms547262f1.txt,6,4,0,2,4,OR|CTL,ERK2|B|L|ARR2
PMC4072777__ppat.1004165.g002.txt,0,0,0,0,0,,
PMC4072777__ppat.1004165.g003.txt,10,7,1,3,6,SPL|E|J,L|PH|P|B|IP|H
PMC4074168__pone.0101277.g007.txt,0,0,0,0,0,,
PMC4074810__cancers-06-00926-g001.txt,0,0,0,0,0,,
PMC4074825__cancers-06-01208-g003.txt,0,0,0,0,0,,
PMC4075464__nihms586796f6.txt,9,6,2,3,4,R|MYPT|HE,HSP27|MLC|ON|H
PMC4076348__i0006-3363-89-1-13-f04.txt,8,3,1,5,2,J|IA|GD|EL|II,Z|L
PMC4076348__i0006-3363-89-1-13-f05.txt,4,3,1,1,2,J,RO|L
PMC4076832__pone.0100094.g001.txt,0,0,0,0,0,,
PMC4079089__nihms582282f1.txt,4,2,0,2,2,ERK1|CELL,MEK1|OF
PMC4079829__1744-8069-10-36-9.txt,3,2,1,1,1,GES,L
PMC4081080__gku461fig3.txt,5,5,1,0,4,,MIR-145|MEK1|MIR|S
PMC4083453__fendo-05-00099-g005.txt,4,2,1,2,1,E|J,IN
PMC4085288__13238_2014_58_Fig1_HTML.txt,0,0,0,0,0,,
PMC4086483__nihms-604351-f0001.txt,8,5,1,3,4,BCR|APCS|IL-6,CD40L|TN|C-FOS|C-JUN
PMC4086889__pone.0101384.g004.txt,0,0,0,0,0,,
PMC4087218__jvs-15-179-g004.txt,0,0,0,0,0,,
PMC4090903__fimmu-05-00316-g002.txt,0,0,0,0,0,,
PMC4091082__psb-8-e26752-g5.txt,0,0,0,0,0,,
PMC4091530__ganc-05-113-g007.txt,1,1,0,0,1,,B
PMC4091705__pgen.1004481.g008.txt,2,2,0,0,2,,NU|ON
PMC4092141__ppat.1004235.g001.txt,0,0,0,0,0,,
PMC4092152__ppat.1004253.g008.txt,2,2,1,0,1,,L
PMC4093421__jadp-04-182-g01.txt,11,9,1,2,8,TRAN|R,L|AN|B|LN|CTK|S|OF|ON
PMC4094471__pone.0101929.g006.txt,8,5,2,3,3,NCR|EL|J,B|L|S
PMC4095003__1471-2105-15-S5-S3-3.txt,13,8,1,5,7,J|U|IGLL|MT4|R,L|LN|HD|MI|H|MIG|B
PMC4095906__nihms496289f3.txt,1,1,0,0,1,,S
PMC4098619__DM2014-291419.001.txt,0,0,0,0,0,,
PMC4098730__phy2-2-e00284-g9.txt,11,7,1,4,6,JNK|R|E|NE,S|PKC|B|L|ERK|P
PMC4100154__ijms-15-10334-g008.txt,2,1,0,1,1,J,P
PMC4102070__SCIENTIFICA2014-208928.004.txt,3,1,0,2,1,JP|J,B
PMC4102304__nihms585242f4.txt,1,1,0,0,1,,OF
PMC4102778__oncotarget-05-2881-g007.txt,0,0,0,0,0,,
PMC4103166__nihms588324f3.txt,0,0,0,0,0,,
PMC4104550__fonc-04-00174-g001.txt,0,0,0,0,0,,
PMC4105941__pcbi.1003573.g001.txt,0,0,0,0,0,,
PMC4107617__1742-2094-11-110-3.txt,0,0,0,0,0,,
PMC4107940__fimmu-05-00343-g001.txt,0,0,0,0,0,,
PMC4107945__fimmu-05-00342-g001.txt,0,0,0,0,0,,
PMC4107957__fimmu-05-00352-g001.txt,0,0,0,0,0,,
PMC4108439__pone.0102948.g008.txt,2,2,1,0,1,,L
PMC4109565__fphar-05-00164-g0003.txt,0,0,0,0,0,,
PMC4109802__nihms589452f2.txt,0,0,0,0,0,,
PMC4110715__1755-8794-7-S1-S3-5.txt,10,6,2,4,4,J|GRF|ECM|APO,L|H|AS|SRC1
PMC4111578__pone.0103290.g006.txt,0,0,0,0,0,,
PMC4112623__2001-1326-3-25-1.txt,0,0,0,0,0,,
PMC4113511__nihms601822f1.txt,0,0,0,0,0,,
PMC4115241__ijmsv11p1022g005.txt,0,0,0,0,0,,
PMC4116528__oncotarget-05-3880-g009.txt,0,0,0,0,0,,
PMC4116751__nihms605701f2.txt,6,4,0,2,4,II|IV,OF|X|IN|CD
PMC4116751__nihms605701f7.txt,6,4,0,2,4,FATE|P7,L|P|PS|P6
PMC4117313__nihms606096f6.txt,6,2,1,4,1,U|J|LA|R,PYK2
PMC4119234__mv-v20-1109-f5.txt,4,2,0,2,2,ERK1|CELL,GPR91|L
PMC4120106__c3mb70496c-f3.txt,1,1,0,0,1,,B
PMC4120774__nihms-314392-f0004.txt,1,0,0,1,0,DIM,
PMC4120774__nihms-314392-f0006.txt,0,0,0,0,0,,
PMC4120774__nihms-314392-f0009.txt,0,0,0,0,0,,
PMC4121214__BMRI2014-931825.004.txt,0,0,0,0,0,,
PMC4122293__nihms93683f8.txt,11,8,3,3,5,HOA|J|R,ERK|PKC|GR|L|MLCK
PMC4122365__pone.0103292.g001.txt,0,0,0,0,0,,
PMC4122412__pone.0104156.g008.txt,7,3,1,4,2,SHE|J|MICE|E,L|ENOS
PMC4123209__nihms-617278-f0002.txt,6,4,0,2,4,E|IL-22BP,IL-22|IL-17A|ACT1|TAK1
PMC4123363__WJG-20-9744-g002.txt,1,1,1,0,0,,
PMC4124058__jkst-3-e29510-g1.txt,5,4,1,1,3,STAB,SE|OF|IN
PMC4125180__pone.0104127.g003.txt,3,1,0,2,1,LP|U,ON
PMC4127075__nihms600767f2.txt,9,6,1,3,5,J|CF|U,CD|SMA|TPS|L|CAR
PMC4127235__MI2014-310183.003.txt,3,2,1,1,1,R,P
PMC4127235__MI2014-310183.004.txt,0,0,0,0,0,,
PMC4128657__pone.0104202.g004.txt,0,0,0,0,0,,
PMC4128997__ijcep0007-3853-f3.txt,6,4,2,2,2,J|U,S|L
PMC4131049__12885_2013_4746_Fig7_HTML.txt,2,1,0,1,1,CELL,VEGF
PMC4132015__pone.0104885.g005.txt,0,0,0,0,0,,
PMC4133022__11103_2014_221_Fig8_HTML.txt,2,2,0,0,2,,SA|DP
PMC4133035__cgm-7-2014-033f2.txt,0,0,0,0,0,,
PMC4133232__pone.0104718.g010.txt,3,2,0,1,2,E,P|ERK
PMC4134797__JIR2014-197548.003.txt,4,1,0,3,1,R|BCMA|INE,BAFF
PMC4135311__nihms613472f2.txt,2,1,0,1,1,MICE,IN
PMC4138085__pone.0104518.g002.txt,0,0,0,0,0,,
PMC4138095__pone.0104282.g006.txt,0,0,0,0,0,,
PMC4139835__ijms-15-12149-g007.txt,0,0,0,0,0,,
PMC4141640__f1000research-3-4838-g0002.txt,0,0,0,0,0,,
PMC4141691__pone.0101725.g005.txt,2,2,1,0,1,,S
PMC4141883__nihms613168f1.txt,0,0,0,0,0,,
PMC4142215__nihms484555f1.txt,1,1,0,0,1,,B
PMC4142280__JOPH2014-801787.004.txt,0,0,0,0,0,,
PMC4143615__fimmu-05-00396-g002.txt,2,1,1,1,0,E,
PMC4143617__fpls-05-00428-g001.txt,0,0,0,0,0,,
PMC4145234__12967_2014_231_Fig1_HTML.txt,8,5,0,3,5,R|MIR-21|MIR-217,P|MI|MIR|L|EMT
PMC4145387__BMRI2014-637308.002.txt,0,0,0,0,0,,
PMC4146087__NRR-8-843-g003.txt,6,6,2,0,4,,B|ERK|ER|OF
PMC4147239__11864_2014_294_Fig1_HTML.txt,4,1,0,3,1,FACT|ANT|CELL,S
PMC4148086__oncotarget-05-4581-g001.txt,0,0,0,0,0,,
PMC4148093__oncotarget-05-4709-g006.txt,0,0,0,0,0,,
PMC4148120__oncotarget-05-5040-g007.txt,0,0,0,0,0,,
PMC4148370__MMR-10-04-1746-g04.txt,0,0,0,0,0,,
PMC4148386__MMR-10-04-1800-g02.txt,0,0,0,0,0,,
PMC4148637__fnagi-06-00230-g001.txt,0,0,0,0,0,,
PMC4148637__fnagi-06-00230-g002.txt,0,0,0,0,0,,
PMC4149495__pone.0105792.g001.txt,9,8,3,1,5,J,HER2|L|PKC|MRT|ERK
PMC4150361__fnagi-06-00232-g0001.txt,0,0,0,0,0,,
PMC4150760__gku577fig3.txt,3,2,1,1,1,CELL,B
PMC4151153__fimmu-05-00421-g002.txt,0,0,0,0,0,,
PMC4151266__nihms-624103-f0005.txt,1,1,0,0,1,,B
PMC4151463__nihms319397f9.txt,4,1,0,3,1,CELL|ECM|U,L
PMC4152115__ijcep0007-5369-f5.txt,8,3,2,5,1,J|U|NE|CELL|D1,SMA
PMC4152229__nihms606900f1.txt,3,2,0,1,2,CELL,LAP|H
PMC4152338__pone.0095254.g009.txt,5,4,1,1,3,NF-KB,MR|PI3K|ENH
PMC4152840__nihms172116f2.txt,4,2,1,2,1,NE|CELL,B
PMC4154379__nihms157213f9.txt,0,0,0,0,0,,
PMC4154660__pgen.1004582.g006.txt,0,0,0,0,0,,
PMC4156304__pone.0106006.g006.txt,1,0,0,1,0,J,
PMC4158168__MI2014-973986.006.txt,0,0,0,0,0,,
PMC4158461__MI2014-246407.007.txt,5,2,0,3,2,R|SIT|E,Y|ND
PMC4158873__fendo-05-00145-g003.txt,0,0,0,0,0,,
PMC4159007__evu158f7p.txt,0,0,0,0,0,,
PMC4159007__evu158f8p.txt,0,0,0,0,0,,
PMC4159007__evu158f9p.txt,6,3,1,3,2,J|SCA|CRA,IF|L
PMC4159867__ijms-15-14546-g002.txt,2,2,2,0,0,,
PMC4160345__gr7.txt,0,0,0,0,0,,
PMC4161967__srep06344-f7.txt,0,0,0,0,0,,
PMC4162460__onc201432f8.txt,0,0,0,0,0,,
PMC4163447__BMRI2014-236385.004.txt,19,14,6,5,8,E|KO|SOC|COT|U,Z|S|P|EI|PRKX|MU|B|SI
PMC4163887__BMB-47-184-g0001.txt,0,0,0,0,0,,
PMC416421__zmb0110440860009.txt,3,3,3,0,0,,
PMC4164261__BMRI2014-759473.001.txt,1,1,1,0,0,,
PMC4164656__pone.0107678.g007.txt,2,1,0,1,1,PINS,APX
PMC4166412__1750-2187-9-8-8.txt,0,0,0,0,0,,
PMC4166520__nihms621484f1.txt,4,1,0,3,1,LPC|CH|J,ALX
PMC4168054__12985_2014_2488_Fig4_HTML.txt,2,1,1,1,0,R,
PMC4168072__WJG-20-12381-g002.txt,3,2,0,1,2,J,L|S
PMC4170618__oncotarget-05-5483-g006.txt,0,0,0,0,0,,
PMC4171368__pone.0105814.g008.txt,4,3,1,1,2,U,S|L
PMC4171617__oncotarget-05-6113-g009.txt,0,0,0,0,0,,
PMC4172779__13048_2014_87_Fig3_HTML.txt,11,7,1,4,6,J|II|LI|R,P|Y|PL|AP|PKC|NFAT
PMC4176851__12943_2014_1420_Fig4_HTML.txt,0,0,0,0,0,,
PMC4176998__1475-2840-12-158-9.txt,2,1,0,1,1,R,L
PMC4180639__onc201469f7.txt,0,0,0,0,0,,
PMC4185420__elife03626f007.txt,3,0,0,3,0,RP58|PVR|R,
PMC4189466__jcp-18-249f5.txt,2,1,0,1,1,E,H
PMC4189604__s13588-014-0011-0-2.txt,0,0,0,0,0,,
PMC4194559__WJG-20-13756-g001.txt,0,0,0,0,0,,
PMC4196276__emss-60634-f0007.txt,0,0,0,0,0,,
PMC4196276__emss-60634-f0008.txt,0,0,0,0,0,,
PMC4196580__fgene-05-00348-g0006.txt,0,0,0,0,0,,
PMC4196580__fgene-05-00348-g0009.txt,0,0,0,0,0,,
PMC419826__pp1341500f09.txt,2,2,1,0,1,,GA
PMC4198691__gr6.txt,8,3,2,5,1,RIN|CELL|PDLIM2|LI|STAB,FE
PMC4200751__ijms-15-15778-g006.txt,1,1,1,0,0,,
PMC4201220__bt-22-371f2.txt,0,0,0,0,0,,
PMC4202134__oncotarget-05-7431-g007.txt,0,0,0,0,0,,
PMC4202139__oncotarget-05-7498-g005.txt,0,0,0,0,0,,
PMC4202189__1753-6561-8-S6-S4-5.txt,6,4,1,2,3,II|MT,RIT|P|S
PMC4204167__jcp-19-111f2.txt,2,1,0,1,1,U,MRP
PMC4204332__nihms-583651-f0001.txt,8,6,1,2,5,J|U,B|L|S|EFS|HSP27
PMC4204446__jcad_7_7_suppl1-g007.txt,0,0,0,0,0,,
PMC4204446__jcad_7_7_suppl1-g008.txt,0,0,0,0,0,,
PMC4204446__jcad_7_7_suppl1-g009a.txt,0,0,0,0,0,,
PMC4209605__ganc-05-303-g001.txt,0,0,0,0,0,,
PMC4210072__jdi-5-347-g1.txt,8,6,0,2,6,J|CAL,P|L|GLP-1|AC|EPAC|PI
PMC4210253__biomed-24-3-329f2.txt,0,0,0,0,0,,
PMC4214761__pone.0111819.g005.txt,0,0,0,0,0,,
PMC4215819__f1000research-3-5389-g0002.txt,0,0,0,0,0,,
PMC4216001__pone.0110737.g008.txt,0,0,0,0,0,,
PMC4216012__pone.0111350.g001.txt,0,0,0,0,0,,
PMC4217307__fphys-05-00420-g0009.txt,3,1,0,2,1,CA2|PYY,GLP-1
PMC4218690__cin-suppl.5-2014-001f1.txt,3,2,0,1,2,J,B|ON
PMC4218725__pone.0111408.g006.txt,2,1,0,1,1,BM,P
PMC4218941__gr1.txt,5,3,0,2,3,JNK|NUDT11,PKC|PKD|S
PMC4220839__cmi201457f2.txt,0,0,0,0,0,,
PMC4222074__1755-8794-6-53-4.txt,0,0,0,0,0,,
PMC4222471__991653.fig2.txt,10,10,6,0,4,,G1P|L|PI3K|ERK
PMC4222910__pone.0111244.g006.txt,0,0,0,0,0,,
PMC4225461__13238_2014_98_Fig1_HTML.txt,10,6,1,4,5,J|IA|II|U,PNI|B|ACLS|ON|L
PMC4226164__fnagi-06-00311-g001.txt,0,0,0,0,0,,
PMC4227122__1423-0127-21-61-7.txt,0,0,0,0,0,,
PMC4227245__ijms-15-18762-g006.txt,1,1,0,0,1,,FR
PMC4229029__nihms352986f1.txt,1,1,1,0,0,,
PMC4229244__pone.0112516.g006.txt,0,0,0,0,0,,
PMC4229251__nihms525600f9.txt,7,6,3,1,3,J,B|L|CRMP2
PMC4229655__nihms573356f10.txt,1,1,0,0,1,,L
PMC4229655__nihms573356f7.txt,3,2,1,1,1,ADP,P
PMC4232733__12885_2014_4985_Fig1_HTML.txt,0,0,0,0,0,,
PMC4234565__pnas.1408886111fig03.txt,0,0,0,0,0,,
PMC4236726__s12918-014-0088-0-2.txt,15,11,6,4,5,HI|J|E|R,B|OF|H|AO|L
PMC4236746__s12918-014-0099-x-3.txt,0,0,0,0,0,,
PMC4237136__fgene-05-00361-g002.txt,2,2,1,0,1,,LPS
PMC4238421__fpls-05-00648-g001.txt,0,0,0,0,0,,
PMC4238427__nihms596094f4.txt,1,1,0,0,1,,B
PMC4243459__nihms643248f2.txt,0,0,0,0,0,,
PMC4243489__fpls-05-00650-g002.txt,13,8,2,5,6,CTR1|ESP|R|AU|II,IN|L|Y|NAC|S|B
PMC4243705__nihms642954f4.txt,7,4,2,3,2,II|JNK|CELL,PI3K|S
PMC4245135__pone.0113419.g005.txt,0,0,0,0,0,,
PMC4245781__13048_2014_82_Fig1_HTML.txt,3,2,0,1,2,L2,L|VEGF
PMC4246235__viruses-06-04479-g001.txt,0,0,0,0,0,,
PMC4247569__PC_129296_f10.txt,5,3,0,2,3,CTRL|NRT1,COI|L|S
PMC4248487__IJD-59-531-g003.txt,1,0,0,1,0,CELL,
PMC4248487__IJD-59-531-g007.txt,5,4,1,1,3,CELL,B|OF|IN
PMC4251064__geg-6-2014-001f4.txt,0,0,0,0,0,,
PMC4252254__pone.0113257.g010.txt,5,3,2,2,1,DDT|U,P
PMC4253421__oncotarget-05-9092-g007.txt,0,0,0,0,0,,
PMC4253612__13059_2014_533_Fig3_HTML.txt,24,17,8,7,9,J|DMR|NB|JK|R|UI|TNFR,PDGFR|Y|ERK|PKB|P53|P|MSK|S|IN
PMC4254673__OR-33-01-0019-g07.txt,7,6,3,1,3,SAX,PD|P53|L
PMC4255183__srep07310-f4.txt,0,0,0,0,0,,
PMC4255921__40104_2014_130_Fig1_HTML.txt,0,0,0,0,0,,
PMC4256027__bt-22-491f2.txt,0,0,0,0,0,,
PMC4256424__pone.0114470.g006.txt,0,0,0,0,0,,
PMC4258093__jcp0229-1312-f5.txt,2,1,0,1,1,R,L
PMC4259407__oncotarget-05-10084-g007.txt,1,1,0,0,1,,P112
PMC4259472__pone.0113830.g006.txt,5,2,0,3,2,U|J|LH,L|LU
PMC4259928__WJCO-5-1020-g001.txt,0,0,0,0,0,,
PMC4260340__nihms608244f3.txt,0,0,0,0,0,,
PMC4260734__cddis2014476f7.txt,5,3,1,2,2,HI|IGL,OF|IN
PMC4260825__pbio.1002012.g003.txt,8,6,3,2,3,R|LW,B|S|STE20
PMC4260825__pbio.1002012.g005.txt,4,2,0,2,2,E|AU,WR|B
PMC4261510__BMB-47-540-g0001.txt,0,0,0,0,0,,
PMC4261510__BMB-47-540-g0002.txt,0,0,0,0,0,,
PMC4261839__mpphys_ssu106_f0007.txt,3,2,0,1,2,CELL,ROS|L
PMC4263532__pone.0114269.g001.txt,3,2,0,1,2,E,MOP|B
PMC4263734__pone.0114627.g005.txt,0,0,0,0,0,,
PMC4263745__pone.0115053.g011.txt,1,0,0,1,0,R,
PMC4266699__ajcr0004-0608-f1.txt,13,10,4,3,6,II|R|OR,X|P|INT|PKC|ERK|L
PMC4266699__ajcr0004-0608-f2.txt,10,5,1,5,4,J|II|U|R|16,LN|L|LU|P
PMC4267164__MI2014-432785.001.txt,0,0,0,0,0,,
PMC4267749__13045_2014_87_Fig1_HTML.txt,5,4,1,1,3,CELL,L|P|EMT
PMC4270583__ijcep0007-7962-f3.txt,1,1,1,0,0,,
PMC4272520__12934_2014_174_Fig3_HTML.txt,14,9,2,5,7,U|CA|IA|J|AE,GL|LT|H|L|TN|CO|RO
PMC4275034__fendo-05-00224-g001.txt,0,0,0,0,0,,
PMC4278318__oncoscience-01-0476-g001.txt,0,0,0,0,0,,
PMC4279405__oncotarget-05-10718-g008.txt,1,1,0,0,1,,L5
PMC4279680__13046_2014_102_Fig7_HTML.txt,5,4,1,1,3,LI,ASS|RB|L
PMC4280021__nihms65239f7.txt,3,3,1,0,2,,PP2|PI3K
PMC4281466__nihms651538f1.txt,0,0,0,0,0,,
PMC4283135__fonc-04-00341-g002.txt,0,0,0,0,0,,
PMC4283144__12985_2014_2533_Fig8_HTML.txt,0,0,0,0,0,,
PMC4283519__fphys-05-00501-g0001.txt,0,0,0,0,0,,
PMC4284744__ijms-15-22887-g001.txt,0,0,0,0,0,,
PMC4284788__ijms-15-23705-g006.txt,0,0,0,0,0,,
PMC4287242__12864_2014_6784_Fig5_HTML.txt,0,0,0,0,0,,
PMC4287412__nihms640187f9.txt,1,0,0,1,0,CA2,
PMC4287613__ppat.1004597.g003.txt,0,0,0,0,0,,
PMC4288643__12906_2014_2017_Fig6_HTML.txt,0,0,0,0,0,,
PMC4290619__1471-2164-15-S9-S6-4.txt,2,1,0,1,1,LH,OT
PMC4290619__1471-2164-15-S9-S6-7.txt,4,4,4,0,0,,
PMC4293489__18_2014_1762_Fig1_HTML.txt,0,0,0,0,0,,
PMC4293489__18_2014_1762_Fig2_HTML.txt,0,0,0,0,0,,
PMC429373__pp1350279f07.txt,2,2,2,0,0,,
PMC4294354__oncotarget-05-10969-g002.txt,0,0,0,0,0,,
PMC4294461__JAR2014-153127.001.txt,0,0,0,0,0,,
PMC4294543__nihms-653802-f0003.txt,3,2,1,1,1,OMP,BS
PMC4294653__dddt-9-349Fig8.txt,0,0,0,0,0,,
PMC4294653__dddt-9-349Fig9.txt,0,0,0,0,0,,
PMC4295872__pone.0115352.g008.txt,3,0,0,3,0,E|J|CELL,
PMC4298363__aging-06-1019-g007.txt,0,0,0,0,0,,
PMC4298699__elife04437f008.txt,0,0,0,0,0,,
PMC4300045__13039_2014_95_Fig3_HTML.txt,6,4,1,2,3,II|J,L|SI|CIR
PMC4300945__nihms648758f7.txt,0,0,0,0,0,,
PMC4303155__cam40003-0878-f2.txt,0,0,0,0,0,,
PMC4304700__nihms656114f3.txt,3,2,2,1,0,E,
PMC4305955__WJG-11-1690-g001.txt,0,0,0,0,0,,
PMC4306126__srep08030-f5.txt,4,2,1,2,1,TRAN|E,S
PMC4309023__bau126f6p.txt,3,1,0,2,1,GO|U,H
PMC4309199__fimmu-06-00014-g002.txt,0,0,0,0,0,,
PMC4309523__pmic0015-0608-f5.txt,21,12,9,9,3,CELL|KILLER|U|J|CTSS|FATE|POU2AF1|R|E,B|NF-KAPPAB|H
PMC4310282__fonc-05-00005-g001.txt,0,0,0,0,0,,
PMC4310480__nihms-655734-f0002.txt,0,0,0,0,0,,
PMC4312599__12985_2014_236_Fig5_HTML.txt,11,6,2,5,4,UI|U|A15|R|J,S|P|Y|L
PMC4313785__fendo-06-00012-g001.txt,4,3,2,1,1,J,Y
PMC4314091__nihms657287f1.txt,0,0,0,0,0,,
PMC4314128__molcell-38-1-14f2.txt,0,0,0,0,0,,
PMC4314132__molcell-38-1-58f6.txt,4,3,1,1,2,J,OF|L
PMC4314211__nihms141014f8.txt,6,5,0,1,5,CNGA3,ANP|AO|PDE2A|GMP|S
PMC4316787__fimmu-06-00023-g003.txt,0,0,0,0,0,,
PMC4316787__fimmu-06-00023-g004.txt,0,0,0,0,0,,
PMC4316815__nihms602501f2.txt,3,3,2,0,1,,OF
PMC4319960__pone.0116995.g007.txt,6,3,0,3,3,J|LI|NG,L|B|IN
PMC4320218__40064_2014_1498_Fig1_HTML.txt,0,0,0,0,0,,
PMC4320493__12861_2015_57_Fig7_HTML.txt,7,5,1,2,4,FISH|E,PTC|FU|L|FLI
PMC4320626__12943_2014_274_Fig7_HTML.txt,10,6,1,4,5,R|UL|TTL|E,L|KIN|HD3|ON|LN
PMC4320882__NP2015-975367.003.txt,1,0,0,1,0,R,
PMC4322417__nihms659902f6.txt,5,4,2,1,2,CELL,L|INT
PMC4323058__40170_2014_138_Fig3_HTML.txt,0,0,0,0,0,,
PMC4323088__nihms641472f1.txt,4,2,0,2,2,CA|CEL,IP|MI
PMC4323367__ijbsv11p0274g007.txt,0,0,0,0,0,,
PMC4324081__fonc-04-00389-g001.txt,0,0,0,0,0,,
PMC4324303__fmicb-06-00118-g0007.txt,1,1,0,0,1,,AS
PMC4324858__40001_2015_84_Fig7_HTML.txt,1,1,0,0,1,,MTA1
PMC4325629__sccaa-8-027Fig2.txt,0,0,0,0,0,,
PMC4325931__fgene-06-00014-g0006.txt,0,0,0,0,0,,
PMC4326428__pone.0117911.g006.txt,0,0,0,0,0,,
PMC4326866__acel0013-0008-f6.txt,2,2,0,0,2,,L|X
PMC4330251__gni-12-171-g003.txt,0,0,0,0,0,,
PMC4331762__acel0013-0850-f2.txt,11,6,2,5,4,E|U|J|HR|R,L|B|LT|RS
PMC4332478__pcbi.1003983.g003.txt,0,0,0,0,0,,
PMC4333806__fpls-06-00088-g0001.txt,0,0,0,0,0,,
PMC4333971__BJBMS-14-191-g001.txt,1,1,0,0,1,,H
PMC4338202__pone.0118587.g005.txt,0,0,0,0,0,,
PMC4338284__pone.0118132.g004.txt,0,0,0,0,0,,
PMC4339951__nihms658496f1.txt,1,0,0,1,0,ECM,
PMC4342183__dddt-9-1103Fig2.txt,0,0,0,0,0,,
PMC4342183__dddt-9-1103Fig8.txt,0,0,0,0,0,,
PMC4342894__13058_2015_515_Fig5_HTML.txt,8,3,2,5,1,R|CILD|TLT|J|PHOSPHO,B
PMC4344557__nutrients-07-00730-g002.txt,0,0,0,0,0,,
PMC4345741__IJMR-140-112-g006.txt,4,3,0,1,3,LH,LHR|ERK|LRBP
PMC4346139__nihms663656f2.txt,3,1,0,2,1,OR|CELL,S
PMC4349055__fphys-06-00066-g0002.txt,6,2,0,4,2,J|R|E|MIR-21,L|LT
PMC4349708__pcbi.1004088.g003.txt,0,0,0,0,0,,
PMC4349708__pcbi.1004088.g005.txt,0,0,0,0,0,,
PMC4349862__pone.0118551.g006.txt,8,3,2,5,1,E|MALL|RIG-I|J|MAVS,S
PMC4350097__srep08792-f6.txt,3,1,0,2,1,PE|NG,SA
PMC4350144__fig-6.txt,1,0,0,1,0,CELL,
PMC4350433__tpj0077-0119-f8.txt,0,0,0,0,0,,
PMC4353714__pone.0119539.g007.txt,1,1,0,0,1,,B
PMC4354340__mtna20155f8.txt,6,4,1,2,3,CELL|R,X|RISC|MIR
PMC4358430__ijcem0008-0058-f9.txt,7,5,1,2,4,DAMAGE|J,ROS|S|AMPK|L
PMC4358957__pone.0122509.g006.txt,4,2,2,2,0,NCX1|REA,
PMC4362472__fphar-06-00046-g001.txt,8,5,0,3,5,J|U|E,OF|RMP|OT|L|HET
PMC4365493__bio-04-02-244-f08.txt,2,2,1,0,1,,ERK
PMC4366044__pone.0119765.g004.txt,0,0,0,0,0,,
PMC4366388__pone.0120133.g001.txt,1,0,0,1,0,E,
PMC4366815__srep09369-f7.txt,1,0,0,1,0,CELL,
PMC4367558__tlcr-01-03-194-f1.txt,0,0,0,0,0,,
PMC4367559__tlcr-01-03-179-f1.txt,0,0,0,0,0,,
PMC4367644__tlcr-02-01-014-f1.txt,0,0,0,0,0,,
PMC4367659__tlcr-03-02-075-f1.txt,5,3,1,2,2,CELL|E,OF|IN
PMC4367691__tlcr-03-03-122-f1.txt,4,3,1,1,2,J,L|Z
PMC4368090__MMR-11-05-3219-g02.txt,0,0,0,0,0,,
PMC4368090__MMR-11-05-3219-g03.txt,0,0,0,0,0,,
PMC4369723__srep09395-f5.txt,0,0,0,0,0,,
PMC4371083__srep09401-f8.txt,0,0,0,0,0,,
PMC4371607__nihms536202f6.txt,17,10,5,7,5,FA|E|J2|J|TNFR|TAKL|NG,TN|B|LPS|TNFA|AP-1
PMC4372037__12864_2015_1392_Fig5_HTML.txt,1,1,0,0,1,,PKC
PMC4372177__13148_2015_48_Fig5_HTML.txt,9,6,1,3,5,U|J|R,OF|LT|P|S|SI
PMC4373269__fpls-06-00170-g001.txt,5,3,0,2,3,R|J,B|SA|L
PMC4373796__pone.0121266.g006.txt,0,0,0,0,0,,
PMC4373890__pone.0122192.g002.txt,0,0,0,0,0,,
PMC4377021__12864_2015_1372_Fig5_HTML.txt,8,7,4,1,3,J,SOC2|Y|HAS2
PMC4377510__SARCOMA2015-839182.005.txt,5,4,1,1,3,R,L|IKK|P65
PMC4379025__pone.0119512.g012.txt,2,2,2,0,0,,
PMC4380406__ppat.1004777.g001.txt,0,0,0,0,0,,
PMC4383490__MI2015-807976.002.txt,2,1,1,1,0,R,
PMC4383884__gku1026fig5.txt,0,0,0,0,0,,
PMC4384220__tlcr-04-02-165-f1.txt,13,10,5,3,5,R|LA|J,PDI|L|PHLPP|MEK|ERK
PMC4384750__elife06132f009.txt,0,0,0,0,0,,
PMC4385402__nihms667486f1.txt,9,7,1,2,6,CA|J,EP|GAQ|EP2|GAS|EP3|EP4
PMC4385831__oncotarget-06-1995-g006.txt,2,2,1,0,1,,B
PMC4385844__oncotarget-06-2180-g007.txt,0,0,0,0,0,,
PMC4385945__cddis201569f7.txt,0,0,0,0,0,,
PMC4386408__pnas.1419690112fig05.txt,5,4,2,1,2,LI,NEU|B
PMC4388007__fcimb-05-00030-g0004.txt,2,2,0,0,2,,TLL|T3D
PMC4389564__fimmu-06-00154-g001.txt,0,0,0,0,0,,
PMC4390554__nihms672759f4.txt,12,6,2,6,4,J|E|J2|R|II|U,CPO|L|B|S
PMC4394589__12864_2015_1475_Fig5_HTML.txt,20,17,13,3,4,II|TP|SHP2,L|CIS|PIASY|IFNB
PMC4394589__12864_2015_1475_Fig6_HTML.txt,0,0,0,0,0,,
PMC4394621__nihms-677118-f0007.txt,0,0,0,0,0,,
PMC4394890__srep09653-f5.txt,0,0,0,0,0,,
PMC4395498__nihms586541f1.txt,5,4,3,1,1,R,ND
PMC4401766__pcbi.1004169.g001.txt,0,0,0,0,0,,
PMC4403800__nihms212162f3.txt,0,0,0,0,0,,
PMC4403904__13020_2015_36_Fig1_HTML.txt,4,4,1,0,3,,SI|S|B
PMC4404090__12943_2015_332_Fig6_HTML.txt,0,0,0,0,0,,
PMC4404310__nihms326998f1.txt,4,4,2,0,2,,TSLPR|MEK
PMC4404594__12885_2015_1300_Fig1_HTML.txt,8,7,2,1,5,J,L|MEK|ERK|H|ERA
PMC4405131__nihms-672469-f0008.txt,2,1,0,1,1,E,CARMA1
PMC4405166__nihms680041f2.txt,6,6,2,0,4,,L|TOR|SIN|PKB
PMC4405775__nihms381324f1.txt,17,14,5,3,9,OR|J|RED,L|OF|P16|P50|P65|IKKA|P100|EMT|NOT
PMC4407080__1752-0509-9-S2-S3-1.txt,4,2,1,2,1,J|R,S
PMC4410689__nihms682551f1.txt,0,0,0,0,0,,
PMC4414306__12864_2015_1364_Fig4_HTML.txt,9,6,1,3,5,CELL|E|TTL,P|S|UP|L|AC
PMC446107__zjv0150449010001.txt,0,0,0,0,0,,
PMC490034__tpc1601392f07.txt,3,3,1,0,2,,SCF|GA
PMC506992__zmb0170443420007.txt,6,4,1,2,3,MUC20|NG,B|MDS|L
PMC514582__JCI0421004.f10.txt,6,5,4,1,1,E,NET
PMC514948__7600287f8.txt,7,4,2,3,2,OR|RH|E,Y|LPA
PMC514949__7600289f9.txt,3,2,1,1,1,FLK,PDGFR
PMC515345__zmk0090428070008.txt,6,3,0,3,3,CAML|SAC|CELL,L|OF|API
PMC517537__zii0100442890007.txt,8,4,1,4,3,E|FA|IL-10|IL-6,LPS|P42|TN
PMC519143__zmk0100428380004.txt,4,3,2,1,1,CELL,CD
PMC523892__zpp0030483760001.txt,3,3,1,0,2,,PH|L
PMC524028__1743-7075-1-3-2.txt,14,12,5,2,7,J|E,PI|STRAD|P38|AMPK|PKB|L|IF4E
PMC524168__1471-213X-4-11-4.txt,7,3,0,4,3,J|E|R|OAF,L3|L|Y
PMC526379__1471-2105-5-158-1.txt,9,8,2,1,6,R,WS|STE20|STE|L|PKCL|MK
PMC526469__7600454f6.txt,8,5,1,3,4,J|R|SPRR1,TR|MYOC|L|AP-1
PMC533862__1477-7827-2-75-1.txt,0,0,0,0,0,,
PMC533963__zmb0240446070011.txt,1,1,1,0,0,,
PMC535921__89262-11f10_1t.txt,4,2,2,2,0,J|II,
PMC538777__zmb0010546640007.txt,14,12,7,2,5,J|OR,RB|AP-1|MEK|ERK|P53
PMC540032__gki078f1.txt,1,0,0,1,0,CELL,
PMC545831__zpq0040570230008.txt,15,14,3,1,11,R,CG|P|B|NNOS|SGC|GMP|AC|CKI|S|L|CK1
PMC548942__E3267Bf4_4t.txt,12,10,4,2,6,FRA|U,P|B|L|H|S1|NFAT
PMC551522__jbiol22-1.txt,1,1,0,0,1,,MI
PMC55373__pq1111535003.txt,2,2,0,0,2,,P|CIS
PMC59357__pp0895650008.txt,4,3,0,1,3,R,IN|SA|L
PMC60047__pq2314813001.txt,3,2,1,1,1,J,IP
PMC60280__mk1111644008.txt,7,7,1,0,6,,TNFA|S|C-SRC|PI|SK|FAK
PMC64993__pq2625739002.txt,7,4,0,3,4,R|TUBE|J,B|PELLE|DIF|L
PMC84262__mb0791836001.txt,11,10,3,1,7,NF-KB,TRAF6|NIK|MEKK1|Y|NUC|TR|TNS
PMC84690__mb1090489009.txt,7,6,3,1,3,SHP2,CAS|MEK|ERK
PMC85713__mb1100060007.txt,7,4,1,3,3,CELL|E|SBF,PKC|L|OF
PMC85825__mb1301596009.txt,9,8,5,1,3,P75,RAF-1|MEK|PI3K
PMC85884__mb1301793013.txt,0,0,0,0,0,,
PMC85950__mb1402005008.txt,7,5,2,2,3,DS|J,RAL|RAF-1|MEK
PMC86054__mb1502098001.txt,10,8,3,2,5,R|OR,STA|STE20|MEKK|L|MEK
PMC86880__mb0711517001.txt,5,2,1,3,1,IL-1RACP|JNK|NF-KB,AK1
PMC95007__jb0411265007.txt,0,0,0,0,0,,
PMC97273__ii0300898006.txt,5,3,1,2,2,OR|IL-1A,LPS|INOS
PMC98123__ii0411244008.txt,0,0,0,0,0,,
PMC98275__ii0511683005.txt,4,2,1,2,1,CELL|PROT,OF
PMC98946__mr0480048008.txt,4,4,0,0,4,,L|SPS1|MEK|SMK1
PMC99013__mr0400030005.txt,5,5,2,0,3,,L|Y|CAMI
PMC99013__mr0400030008.txt,3,3,1,0,2,,L|AC
PMC99013__mr0400030013.txt,8,6,1,2,5,CELL|PRA,PH|L|Y|UBC4|UBC3
PMC99013__mr0400030016.txt,5,4,2,1,2,J,L|ALP
PMC99013__mr0400030021.txt,3,3,2,0,1,,SIS
PMC99976__mb2310138007.txt,3,3,1,0,2,,Y|L
"UNIQUE CNTS",2366,1633,707,733,926
HGNC hits already on WP pathways (1633):
GAQ,ETK,FAK,SRC,AR,PI3K,PKB,4E-BP1,TLR9,T,L,MYD88,IRAK,TRAF,B,S,NF,ARF,CR,TRIO,MSN,SCAR,ACT,RNR1,RNR,PKC,DAAM1,NOTCH,H,P,OF,TNF,TRADD,FADD,MAP3K,IKK,IK,NFKB,MAPK,C-JUN,TH1,TAK1,P38,ERK,INOS,Y,RAS-GRF2,RAF-1,IN,LPS,TLR4,TLR2,STAT,TRAF6,NIK,TH,GAB,EGFR,ER,RN,S1,LN,P21,E2F,P16,RB,AXIN,TLN,TCF,TOLLIP,IRAK4,MMP,MUC,NOS,P65,P50,PI,SA,LRP,HL,NET,LPA,CAMP,AKT,ST2,FAST1,VL,CI,CT,Z,DAO,BK,ATM,ATR,P53,BAX,BAK,GA,RGS,OT,TRKA,BID,AIF,HTRA2,FRE,GPR4,X,PKR1,GAB1,PDCD4,MAP4K1,MKK4,MEKK4,HIP1,GAS1,FU,SUFU,RAB23,DYRK1,TLR3,PR,JAK2,STAT5,VEGF,VEGFR,MKK6,HSP27,AN,NOD2,SE,CO,MMP9,PA,FR,PH,PKD,SMAD4,MEK,ILK,MTOR,AP-1,SNAIL,RHOA,ALK1,DYS,REG,ENG,HHT1,HHT2,HHT,ALK-5,P1,ADA3,SNF2,SW,ALT1,VPS24,DAG,RYR,MAR,ARM,ARMADILLO,ET,IGFI,ROS,P44,PTEN,NSMASE,AP,RS,EI,TR,DD,TRX,TS,JUND,TGFB1,JUN,EPRS,ELN,HGF,FI,IKBKB,BMP2,TYRP,TUBA1,TUBB2,SF3A1,APS,APOC1,APP,STAT3,FOXA2,HRAS,BMP4,LAMP2,MYC,POLR2A,PCAF,TCF2,RECA,EDA-A1,EDAR,DKK4,DKK1,BMP,SHH,NPR,PCD,CD,YT,L4,OPN,HOXC8,INT,SI,P6,DF,ASL,PN,PL,MB,CD95,DAXX,FLICE,MACH,CPP32,YAMA,GST2,LU,COI,GPCR,RLK,ON,AP2,NCL,SOS2,HO,SOS1,S2,ABI2,STS,DLC1,BMF,SMAC,ENDOG,TOR,DAP12,AC,CAR,RHO,EMT,ALK,ALK3,BMPR-II,SMAD1,SMAD5,BMP2B,BMP7,TYPE,AS,ND,MK,RAC,CDC42,GCK,MEKK,ASK,HEP,MKK7,ATF2,BCL-2,BCL-XL,CBL,AKT1,WAVE,NOT,RIP,PDK1,TSC,RHEB,EIF4F,SMURF2,SMAD7,SMURF1,APC,FRAT,TSC2,ALR,FAS,BTK,SYK,EA2,VPF,TRPC6,COB,RAR,CLU,PKR,ERG,GATA2,SMAD6,RUNX1,CASP,FLASH,IRS1,MID2,MMP1,TIMP,APE,WNT1,TCF4,C-RAF,MEK1,PDE3B,LKB1,AMPK,HNF1,FKHRL1,FKHR,BP1,TRA,FASL,PUMA,NOXA,AK,NU,IRS,TF,SOCS3,HGL,PFM,SMO,FY,FYN,SHC,GRB2,BAD,ELK,HER2,FGFR3,FGFR4,CRN,MAP2K2,RP,MAI,MAPK6,MAPK15,P4,SMAD3,CBP,P300,ACS2,RF1,DAF,MI,GR,CD14,MD-2,CDK5,P35,KDR,SMN,EPOR,LFA-1,OSM,AO,AF,HIP,GAP,GC,ASK1,MDM2,P73,STX,BLM,TSC1,MR,CASPR,SSI2,NPR1,PSM,SMURF,ZIP,PKG,A4,PTH,EN,FAAH,ABI1,C3G,CAP,CAP1,PDCR,TG,REC,LCK,ZAP70,BCAP,BLNK,SLP76,LAT,CARMA,CARD9,CD28,IF,LD,P120,RAC1,CAR1,CO2,OCT,MPRI,SMAD2,P2Y,5-HT2A,IP,P2,PTP,JUNB,NFAT,API,PMCA4,BLK,LYN,TWIST,VIP,P2Y1,COX2,CPT1,LEP,LEPR,PGC1,EGF,FGF1,FGF2,FGF8,ERT,UP,IGF-II,COMP,JAG,RASGRF2,VAV1,RASGRP1,GAB2,ACH,AA,FGF,RTS,SLUG,ARP2,HSC,KITL,C-KIT,LAG-2,MUT,TCF7,CRY1,BMPR2,SIL,LT,FAD,GPX7,SEMA3A,L1CAM,KIN,CAS,PLI,PTC,CED-6,FOXO1,PDX-1,MET,SREBP,CAM,GIT1,MOP,RICK,PYK2,P130CAS,RAP1,JNK1,TAT,ACTR,CXCL12,CXCR4,PLD,PC,STM,JH,FAT,MAK3,MPR1,TLR-4,G-CSF,EPO,GCSFR,PKCA,GL,RBP-J,DIF,IMD,MEK2,RAD,GCN2,EIF2A,PP1,TWEAK,FN1,CIAP,TRAM,MAL,TRIF,TRAF3,RIP1,PKBG,DL,PPAR,IL-27,OK,ANG,MCP-1,PTHR1,LRP5,RANKL,M-CSF,HDAC,SGC,C3,ELL,VWF,ENOS,TEAD,TNFA,GLI,CARD,P52,FKBP,PPASE,RL,SPRY,SEF,FGF9,WNT4,SOX9,FGFR2,CK1,GH,CREB,CSL,KREMEN,ERK2,P160ROCK,RO,R1,DI,DP,SF,HES,GLP-1,ALP,OCN,NKD2,ASM,PAK4,IFN,IL-18,CALL,PTB,IKBA,CXCL2,MEKK3,IKKA,P100,HES1,PSGL-1,HDAC1,BRCA1,RRM2,CD40L,C-FLIP,PP2,CAM2,ABL,TCRA,ZAP-70,CD4,C-MYC,SALL4,SGK,GMP,L3,ACO,AIR,DGK,NOX,SC,PRL,ERF,EBF1,ERF1,GATA,MITF,SCF,GATA-1,NOTCH1,EBF,UBC13,UEV1A,TLR1,IRAK1,SLP1,SLP2,MDH2,ADH2,GREMLIN,LAR,SPTAN1,ID,SURVIVIN,CXCL13,SOCS,ACC,BAR,ATS,MAD,MERLIN,AM,RLC,IKK2,BRAF,MCL-1,CCL2,LNX,SIAH1,POF,AP2A2,ITCH,SPEN,DTX2,LFNG,MFNG,RFNG,SK,BAK1,S1P,EBP,PKCL,RAGE,SLT,RBL,IRAS,PDGFRA,ERBB2,PLAUR,NF1,INS,ERM,BB2,TIN,AC1,GHR,FGF10,IRF3,SYT,JAK1,TN,GRP,ADAM,TSP-1,AREG,TGFA,NCK2,SAP,SARA,RIP2,IFF,NEMO,EPAC,PPH,TARA,EEN,A2,C1,CPLA2,CD11B,CD18,IGF1,IGF1R,PM,GCH,NODAL,TSG,NOG,P3,RAL,TGFB,OSMR,IL6ST,PP,S3,MKK3,FAK1,FOS,KL,QR,CLI,PS1,CTF,PS,MEF,EPHA4,SYN,RING,AOM,PAX3,MYOD,SIS,BIP,APAF1,TRIP,CLASP,CHK,CDC25C,ERA,AK1,EXP,CASP8,F3,ERBB,CRAF1,TRAIL,MAPK14,BCL2,NOS2,INSR,P90,NOX2,MST1,LATS1,BIRC2,MCL1,IRF1,IFNAR1,IFNAR2,IRF,TAP1,STAT1,ELK1,RIM,CNO,ALD,WNK1,FH,PDGFR,SMC,COCA,REN,DYRK2,MDM4,FER,PTHRP,T-BET,CD1,AHR,WNT7B,LEF1,TGFBR2,TGFBR1,OAT,PAI,NEDD9,NEDD,PHOX2B,HAND2,GATA3,ASCL1,DBH,XO,IRF7,ABCA1,ABCG1,GAPDH,FE,BAI,CRY,PTCH,PROX1,DLD,PDK2,FP,CLOCK,FPP,COIL,IP2,VAV,A20,NKD1,GP130,NUC,AT3,CXCL1,IGFR,CRKL,DDR1,MIR,DICER,ACVR2B,SIP1,ZNF423,GDNF,RET,ACSL1,RELA,NFKBI,NFKBIB,AKT2,FASN,PFKL,EP,ADIPOR2,SLC2A4,FLOT2,SREBP-1C,WR,STE,CS,RICTOR,P63,ENT,TLR5,TLR7,ROCK1,LIMK,SSH,ASC,ROCK2,RK,REST,IL1,IL-17A,IL-17,P12,GRB7,NUMB,EIF2,TRAF2,PERK,CXCL3,MU,KU70,POT1,TRF2,NOGO,ATF1,PTK,AT1,C-FOS,YB-1,CYC,CP,P42,STAT2,STAT4,GPR1,PPP2CB,CACNA2D1,DEF,REL,BDNF,TRKB,UPS,A3,RON,SFRP4,IRE1,ATF6,XBP1,ATF4,NT3,CARP,ICAM,CD44,LPA1,GAS,AGRIN,TYK2,JAKL,CB1,LTA,DELTA,ADAM10,EP4,PRAS40,PTC3,PLC1,SLP,APAF-1,MCP,GSS,GP9,HIF-1,MEKK1,MAOB,MEK3,SRA,TSHR,NTRK1,SUP,RGS4,APOC3,OCT4,AXIN2,GM-CSF,TL1,GLI2,GLI3,CDC,CER,FRZB,CT-1,LIF,PIAS,HEY,EFE,SMA,LRP6,CRF1,HC,P110,EIF4E,PDE,END,PIK3CG,M8,PIM1,MAPK1,PRKCZ,PRKACG,MAPK12,PIP5K1C,AR1,MAPT,ARAF1,RAF1,SYNJ,PIK4CA,PIP5K2C,IGF2,NNOS,SLI,ACS,ACHE,DVL1,DVL2,DVL3,ADAM17,NUMBL,DTX1,DLL1,DTX3,DLL3,DTX3L,DLL4,DTX4,PSENEN,PSEN1,PSEN,PSEN2,JAG1,JAG2,MPO,NCSTN,APH1A,NOTCH2,SRI,NOTCH3,NOTCH4,NADE,VEGFR2,NRP,COUP-TFII,FOXC1,HEY1,A1,C2,WARTS,ES1,TGN,EPI,BMP6,HJV,NES,IL6,SOCS1,MIG,BCRP,FGFR1,RUNX2,OAS,TGFBETA,DPI,LATS,MOB,HK,GPI,HMGB1,E2F4,PSD-95,RAN,NPHP2,CFL,S6,NEFH,ALS,NEFM,IP3R,PSD95,TNNT,ECE,CD27,HSPA9,RIPK2,NPM,14-3-3,DIABLO,ALB,DKK,SFRP,E4,GLT-1,WASP,AOC,DLK1,FXR,SIRT1,RPE,PEPCK,MTA1,NEM,NPY,POMC,BS,RYK,ROR2,FRA2,BARD1,RAD51,NGF,AGT,ACE,BF,ARO,TAP,LDB,PLM,UBC9,PIAS1,KLF2,P25,TAU,SOX2,NANOG,TIH,GCSF,RANTES,Y4,COX,MED,CEBP,ACVR2,TLL,PAR4,EGR,PC2,H2,PCL,PC1,TUBERIN,ANP,WNT3,WNT3A,WISP2,GRK,BETAGLYCAN,TBS,LAB,I-1,SHIP,DCC,TAL,MIG-2,ART,DMP1,ETS,NEU,IKK1,CDK4,P19ARF,P21CIP1,TGFB2,TGFB3,MAP3K7,CHA,ICE,LAM,ARMS,SHCA,CAD,SEX,RKIP,INPP4,RYR2,TROY,PJS,XIAP,CIKS,IKK-BETA,MEK6,SP1,HFE,HAMP,NURR1,WNT5A,SGK1,KIF7,MKP-1,BOC,IHH,GLI1,H1,HLP,PKN,MEK5,CX43,AXIN1,HN,TAB2,TAB1,PTX,CCK,U2,STO,IFNA,PTHLH,CF2,FAR1,RED1,FUS,ADIPONECTIN,CRT,AQP,SYS,AAP,FGF21,PIK3R1,NEP,E2F1,PSA,TIP,TORC1,TORC2,HIPK2,POR,P0,CD19,IKAROS,PAX5,BAFF,CD40,LAP,P18,MYCN,GCP,ATOH,MER,KIBRA,ORM,CRH,SOX17,SFRP1,MBP,CIT,MMP2,RAP1B,LIM,FRS2,CDC2,P107,PCNA,DIR,UPA,UPAR,IGFBP3,NLRP3,PRR,TALK,FZD7,CRD,NAC,SKIP,COL1A1,PLAU,LCX,CDK2,CGT,NF2,BAMBI,ATF3,DDIT3,PLCE,TTP,UGT,H3,H4,RUNX3,GLUT,FKBP12,CHK2,CHK1,ARAF,GFAP,TX,BIT,SSI,IMP,LMP7,MKP,FHC,PGD2,PTGIR,PTGFR,SEMA3F,STK11,P120GAP,ADM,CRLR,RAMP2,FLN,EPHA2,NFATC1,TAOK,MST,SOD2,CTF1,CTF2,PTCH1,GLUA1,PARS,CORD,MSX2,BAPX1,MEF2C,GRG,ETS1,TAZ,SATB2,MSC,TNS,DLX5,ENX,OST,KAT,LIN9,RAI,SET,HMGA2,BACH1,SIP,CSA,ZEB1,TFE3,YBX1,BLIMP1,CHOP,GRP78,KI,P9,F7,UNC-43,PAR3,ICAM1,CG,PIP1,VEGF-A,ILF,5-HT1A,KRAS,CSPG4,MARCKS,C-ABL,CAT,WNT8A,HUC,DLX,BLBP,CHRM1,CRAM,FGF4,PIK3R,P85,NP,TSK,FGF3,SFRP2,CAB,FRZB1,OTC,WNT6,LGA,SSA,BII,TFAP2A,TP63,IRF6,C9,F2,KIT,DUSP,HET,PSMA,MLC,B1,RIN1,FZR,CYR61,IRS2,LEFTY2,P28,CXCR3,STAT6,RELB,L5,SC4MOL,HRS,PS2,MAML1,FOXH1,RAB,PLP,PARP,EP2,SERCA2,ERBB4,ERBB1,TWIST1,INK4,ERBB3,VIM,SKI,SNO,ADORA1,OB,ADORA2A,ADORA2B,ADORA3,MYB,THBS1,POFUT1,SEMA3E,CD45,PML,IFNAR,PKD2,CHP2,NRAS,KOR,SNAP,MGF,STRADA,KLF5,PGRN,MLCK,C-REL,NER,CD2AP,NRG1,ALG,TEC,GRP94,IGFBP1,CDC6,MCM2,MLL,TEL2,STEP,ATRIP,STK,YWHAB,CAV1,HUR,ULK,RAC2,STE20,SMOH,LDP,LGR,HHIP,CIN85,SH3GL2,C-CBL,BMPR1A,RAM,SWI,SHF,CREBBP,EP300,MLL3,KDM6A,UCP1,MSK1,HTT,ATX,VANGL2,TIE2,CTLA4,CD38,PRKAG2,HD,VHL,EPS8,MSP,PITX2,ODC,CLTD,GNAL,PLAT,SERPINE1,TLR6,PIASY,PD,ATG12,ATG7,C-SRC,TNC,CDH6,IRF4,TP53,CDIPT,CDS2,IRP2,ALAD,SFN,CDK6,PROS,ADH,FDH,DDR2,COLL,SNAIL1,HDAC6,INF,CASP3,NF-KB2,RHOG,RAB5,CTGF,SCD,RIC4,IL-11,SEB,IL2,IL10,IL5,IL4,JAK3,USP1,SRF,FMLP,MAP4K,GLUN2B,CD24,EXT,GEM,PELLE,TTN,ABS,VN,CAN,RPC,CHE,TA1,FZD2,FZD6,MAPK9,PLCB4,FZD1,WNT10A,SENP2,PRKCB,NFATC2,NLK,FZD4,FZD3,RAC3,PLCB2,WNT16,PLCB3,CCND1,WNT2B,APC2,NFATC4,CAMK2G,MMP7,CIS,CDC16,CD7,BCL10,PZ,CRAF,TIF,CCL1,MEC,SUR,LMX1A,PITX3,PERIOSTIN,HIF2A,VEGFA,COL2A1,PME,NTAL,TIMP1,HSP47,COX1,NCOA3,ELK3,ALT,ATGL,FS,DAB2,GLUT12,GRB10,FIP200,EPHB2,VCL,PDK4,IFL,CAMKK,BMI1,SON,SEP,ARR2,MIR-145,CTK,NCOA2,SRC1,GPR91,IL-22,ACT1,TPS,MRT,RPS6,ENH,PRKX,ACACA,APX,ALX,RIT,MRP,EFS,G1P,PNI,ACLS,CNP,PRKG1,CRMP2,PER,FLNA,AKT3,ESR,MSK,NFKB2,P112,MC4R,ASS,UBE2L3,ARHGEF7,CIR,PTPRCAP,CCR2,NF-KAPPAB,CCR7,TYROBP,IL7R,ARHGDIB,PDE2A,FLI,HD3,LHR,LRBP,RISC,NFATC3,RMP,ATG5,TIRAP,MRC2,SOC2,TGFBR,HAS2,PDI,PHLPP,EP3,T3D,CPO,SOCS4,SOCS6,PIAS3,IFNB,IFNG,TSLP,TSLPR,CARMA1,SIN,RHOC,MDS,STRAD,IF4E,WS,CDC4,MYOC,PRF1,CKI,IRAK2,NGFR,STA,SPS1,SMK1,GIT,CAMI,UBC4,UBC3
HGNC hits already on human WP pathways (707):
SRC,AR,TLR9,T,MYD88,IRAK,TRAF,NF,ARF,CR,TRIO,MSN,NOTCH,TNF,TRADD,FADD,MAP3K,NFKB,MAPK,TLR4,TLR2,STAT,TH,GAB,EGFR,E2F,AXIN,TCF,TOLLIP,IRAK4,MMP,NOS,LRP,CAMP,AKT,ATM,ATR,BAX,RGS,BID,HTRA2,GPR4,GAB1,PDCD4,MAP4K1,SUFU,RAB23,TLR3,JAK2,NOD2,MMP9,SMAD4,ILK,MTOR,RHOA,ENG,RYR,PTEN,JUND,TGFB1,JUN,EPRS,HGF,IKBKB,BMP2,SF3A1,APOC1,APP,STAT3,FOXA2,HRAS,BMP4,LAMP2,MYC,POLR2A,EDAR,DKK4,DKK1,BMP,SHH,OPN,HOXC8,ASL,DAXX,NCL,SOS2,SOS1,STS,BMF,ENDOG,RHO,ALK,SMAD5,BMP7,RAC,CDC42,GCK,ATF2,CBL,AKT1,PDK1,TSC,RHEB,SMURF2,SMAD7,SMURF1,APC,TSC2,FAS,BTK,SYK,TRPC6,CLU,ERG,GATA2,SMAD6,RUNX1,CASP,IRS1,MMP1,TIMP,WNT1,TCF4,PDE3B,IRS,TF,SOCS3,SMO,FYN,SHC,GRB2,BAD,ELK,FGFR3,FGFR4,MAP2K2,MAPK6,SMAD3,CD14,CDK5,KDR,OSM,GC,MDM2,STX,BLM,TSC1,SMURF,PTH,EN,ABI1,CAP,CAP1,TG,LCK,BLNK,LAT,CARD9,CD28,RAC1,SMAD2,JUNB,BLK,LYN,VIP,LEP,LEPR,EGF,FGF1,FGF2,FGF8,COMP,JAG,RASGRF2,VAV1,RASGRP1,GAB2,FGF,MUT,TCF7,CRY1,BMPR2,SEMA3A,FOXO1,MET,GIT1,CXCL12,CXCR4,PLD,PC,EPO,FN1,TRAF3,LRP5,HDAC,C3,ELL,VWF,TEAD,GLI,CARD,FKBP,FGF9,WNT4,SOX9,FGFR2,CREB,HES,NKD2,PAK4,CXCL2,HES1,HDAC1,BRCA1,RRM2,CD4,SGK,NOX,PRL,EBF1,GATA,MITF,NOTCH1,TLR1,IRAK1,MDH2,SPTAN1,ID,CXCL13,SOCS,BRAF,CCL2,SIAH1,AP2A2,ITCH,SPEN,DTX2,LFNG,MFNG,RFNG,BAK1,RBL,PDGFRA,ERBB2,PLAUR,NF1,INS,GHR,FGF10,IRF3,JAK1,GRP,AREG,TGFA,NCK2,IGF1,IGF1R,NODAL,NOG,TGFB,OSMR,IL6ST,FOS,EPHA4,SYN,PAX3,APAF1,CDC25C,CASP8,F3,ERBB,MAPK14,BCL2,NOS2,INSR,MST1,LATS1,BIRC2,MCL1,IRF1,IFNAR1,IFNAR2,IRF,TAP1,STAT1,ELK1,FH,SMC,REN,DYRK2,MDM4,FER,AHR,WNT7B,LEF1,TGFBR2,TGFBR1,OAT,NEDD9,NEDD,PHOX2B,HAND2,GATA3,ASCL1,DBH,IRF7,ABCA1,ABCG1,GAPDH,CRY,PTCH,DLD,CLOCK,COIL,VAV,NKD1,CXCL1,CRKL,ACVR2B,ZNF423,GDNF,RET,ACSL1,RELA,NFKBIB,AKT2,FASN,PFKL,ADIPOR2,SLC2A4,FLOT2,CS,RICTOR,TLR5,TLR7,ROCK1,LIMK,SSH,ROCK2,REST,IL1,GRB7,NUMB,TRAF2,ATF1,CP,STAT2,STAT4,GPR1,PPP2CB,CACNA2D1,REL,BDNF,SFRP4,ATF6,XBP1,ATF4,CD44,TYK2,LTA,ADAM10,GSS,GP9,MAOB,TSHR,NTRK1,RGS4,APOC3,AXIN2,GLI2,GLI3,CDC,FRZB,LIF,PIAS,HEY,LRP6,EIF4E,PIK3CG,MAPK1,PRKCZ,PRKACG,MAPK12,PIP5K1C,MAPT,RAF1,IGF2,ACHE,DVL1,DVL2,DVL3,ADAM17,NUMBL,DTX1,DLL1,DTX3,DLL3,DTX3L,DLL4,DTX4,PSENEN,PSEN1,PSEN,PSEN2,JAG1,JAG2,MPO,NCSTN,APH1A,NOTCH2,NOTCH3,NOTCH4,FOXC1,HEY1,C2,BMP6,IL6,SOCS1,FGFR1,RUNX2,HK,HMGB1,E2F4,RAN,CFL,NEFH,NEFM,TNNT,HSPA9,RIPK2,DIABLO,ALB,DKK,SFRP,DLK1,SIRT1,NPY,POMC,RYK,ROR2,BARD1,RAD51,NGF,AGT,ACE,PIAS1,SOX2,NANOG,EGR,WNT3,WNT3A,GRK,DCC,ETS,CDK4,TGFB2,TGFB3,MAP3K7,CAD,RYR2,XIAP,SP1,HAMP,WNT5A,SGK1,BOC,IHH,GLI1,PKN,AXIN1,TAB2,TAB1,CCK,IFNA,PTHLH,FAR1,FUS,AQP,FGF21,PIK3R1,E2F1,HIPK2,POR,PAX5,CD40,MYCN,CRH,SOX17,SFRP1,MBP,CIT,MMP2,RAP1B,FRS2,PCNA,IGFBP3,NLRP3,FZD7,COL1A1,PLAU,CDK2,NF2,BAMBI,ATF3,DDIT3,RUNX3,ARAF,GFAP,PTGIR,PTGFR,STK11,ADM,RAMP2,EPHA2,NFATC1,TAOK,SOD2,CTF1,PTCH1,MSX2,MEF2C,ETS1,DLX5,KAT,LIN9,SET,HMGA2,BACH1,ZEB1,TFE3,YBX1,F7,ICAM1,KRAS,CSPG4,MARCKS,CAT,WNT8A,DLX,CHRM1,FGF4,PIK3R,FGF3,OTC,WNT6,TFAP2A,TP63,IRF6,C9,F2,KIT,DUSP,PSMA,RIN1,CYR61,IRS2,LEFTY2,CXCR3,STAT6,RELB,MAML1,FOXH1,ERBB4,TWIST1,ERBB3,VIM,SKI,ADORA1,ADORA2A,ADORA2B,ADORA3,MYB,THBS1,SEMA3E,PML,IFNAR,CHP2,NRAS,STRADA,KLF5,CD2AP,NRG1,TEC,IGFBP1,CDC6,MCM2,ATRIP,YWHAB,CAV1,ULK,RAC2,SH3GL2,BMPR1A,CREBBP,EP300,KDM6A,UCP1,CTLA4,PRKAG2,EPS8,PITX2,GNAL,PLAT,SERPINE1,TLR6,ATG12,ATG7,TNC,CDH6,IRF4,TP53,CDIPT,CDS2,ALAD,SFN,CDK6,ADH,DDR2,HDAC6,CASP3,RHOG,CTGF,SCD,IL2,IL10,IL5,IL4,JAK3,USP1,SRF,MAP4K,EXT,TTN,FZD2,FZD6,MAPK9,PLCB4,FZD1,WNT10A,PRKCB,NFATC2,NLK,FZD4,FZD3,RAC3,PLCB2,WNT16,PLCB3,CCND1,WNT2B,APC2,NFATC4,CAMK2G,MMP7,BCL10,CCL1,LMX1A,PITX3,VEGFA,COL2A1,TIMP1,COX1,NCOA3,ELK3,DAB2,GRB10,EPHB2,VCL,PDK4,CAMKK,BMI1,SEP,NCOA2,RPS6,ACACA,CNP,PRKG1,PER,FLNA,AKT3,ESR,NFKB2,MC4R,UBE2L3,ARHGEF7,PTPRCAP,CCR2,CCR7,TYROBP,IL7R,ARHGDIB,NFATC3,ATG5,TIRAP,MRC2,TGFBR,SOCS4,SOCS6,PIAS3,IFNG,TSLP,RHOC,CDC4,PRF1,IRAK2,NGFR,GIT
HGNC hits not found on any WP pathway (733):
S6K1,R,MY,TRAK,TRF3,CELL,CN,J,OIF,CA,E,HHH,GAMMA,JNK,PAL,EL,LIGHT,OR,SOC,NF-KB,NG,PACE,LI,II,DAN,U,WNT-4,SFA,LNP,UL,ECI,FA,SN,L2,T2,CRIPTO,LP,LMO,D1,HIC,FATE,CAC1,ACA1,XS,IV,ST,TDL,TUBE,TNFR,MCP-3,NPH3,ECM,RD,NS,LTG,TTG,ADA2,KCS1,CA2,MA,IA,PCP,DAMAGE,16,HS,SAPK,TPSAB1,GNAT,FGFR3P,BARX1,BOP1,TCEA2,EDARADD,SOSTDC1,ABI3,CTRL,HR,PR1,FB1,AG,HMP,LA,GFR,SUN,E47,HEB,SPL,E2A,NPA,EAF1,NA,COP,PF,FINGER,GO,CEN,PST1,BIM,NTS,DC,HYPE,LAS,MLK,LZK,TAK,TPL-2,FOR,VGLUT1,E3,ERK1,TRAN,DR4,TRPC,FRA,ACTIVIN,GP,IL-6,TP,KCS,PRH,RECK,IL-2,LEUS,LOR,CF,GIL,MT,SR,YO,REA,DOM,B2,OP,ACF,CAL,JNK3,TFF,S9,NE,HYP,P11,CCM2,CCM3,GEN,INE,NSP2,DM,NSP1,HCL,V2,TEM,CTU,AII,ATL,ANT,GEF,PINS,GPR,MLK3,YAP,SHD,NAE,CRA,PROT,BCR,NCR,OX40,PLA2,CRB,RC,ADP,TC,LRP3,SHP2,VPREB,OUT,BLAST,P2Y12,SHE,UI,RED,HE,RP2,RH,SDF-1A,P160,CDC42P,CTL,CD63,GNA,APO,CHS,P13,RU,LH,HP,MENT,CTNS,PIP,PE,HI,STI,DINE,SPC1,IL-10,DQ,CAGA,GREM1,GNRH,EPHB,TUB,NOA1,NB,TES,GADD34,CLR,MASS,P27,MRLC,RIG-I,MAVS,POLL,SS,UCE,SRY,TACE,G2,NHE1,TRAIL-R2,SOM,MIN,MUC5AC,VIN,AID,SIT,L10,RM1,AIC,ADD,ERC,NAIL,TNFR1,SLC,ELC,HVEM,CASTOR,AM2,KATP,PAPP-A,WUS,ISA,IPS,LARGE,CTR1,TCF-1,CPA3,IL-3,SPIB,CORT,ROBO4,CSR,KINO,CD70,TSPO,GPA2,T1,STOP,YRS,R2,ANA,GHRELIN,GLUT4,IT1,UT2,FURIN,MTMR8,MLC2,DK4,M-RIP,JN,CDL,ROM,DEC,DO,DOR,MTH,TED,LE,TAKL,ADO,GAT1,HA,HYAL2,CABLES,IL8,KO,EGFL7,HEMA,MGMT,CH,PINT,SEN,AZ,E2,NEC,OS,RICH,SERRATE,NM,LCT,CEP,TIC,UTP,ENT1,FATS,SHP1,DS,CLA,PHOSPHO,DR5,PROL,RSK,LMP2,MD,PAP1,19A,PM1,SES,JP,RX,BOMB,RG,K2,TCS,A6,FIG,MICE,LI2,DIC,LSP1,IGFALS,C4,DET1,PPP1R3,INI,NTCP,AQP8,ROD,PEP,SIMPLE,IL10R,M1,LIG,J2,EXOC7,RAB18,PLOD,GS1,NL,P90RSK,HOP,NFI,L11,UNG,PIP5K,GSH,ITI,RSK2,PGRP,PGRPS,PARKIN,SD,OPT,ARRS,LPC,MANA,NRCAM,SAPK1,IPP,KSRP,DEPTOR,LIS,VIP1,SIK,DOK-7,MADCAM1,PAIS,IGH,ERIC,GAL,L1,STRA6,RDHS,CYP26,FAST,CNK1,IP5K,ACG,MCT,INPP4B,CD138,RTR,HINT1,AE,SOX18,AOP,VIII,GNL1,PYY,TMPRSS6,TNL,OASL,ALL,FAT4,SALVADOR,ARC,HOMER,RANK,G3,G4,G5,NPHP3,U71A,SCA,NEFL,EPHA5,K3,RBJ,VR,GE,METH,CDS,CD127,PRM,FBS,LRMP,TWEEK,WIT,DLK2,BIG,ELF,E1C,REP,TAUT,GIRK2,IL-5,ERK5,DECTIN-1,CIC,B7-H3,GRLF1,SAH,ARRESTIN,T3,EMILIN1,STZ,KA,JK,IL-23,PI3,ELA,NGAL,LIB,ERK6,COT,CEL,U11,PHT1,TNKS1,LED,IL-4,CA1,NS1,NSPL,K10,SPIR,PEF1,TRIM25,MDA5,SGLT,RAY,HIG,HKR1,IER,PD-L1,7L,APCS,L7,TTR,MATH,APO2,J1,CRIP,HPO,WTS,EPCR,CDC42BPB,PARP-1,PIN,ITF,MDA-5,VIPERIN,RIN,H2A,RTN1,HOA,IDI,MBOAT,DKK3,FGFB,FOXG1,RAPH,SAC,ARSB,HMOX,C4S,FRU,MALIN,LUM,NFL,MS,TRNA,TOP,SEA,LBA,TIEG,OPG,WW45,HOXA10,MOZ,DLX3,HOXA2,MP2,P39,AST,EPHB4,WNT9A,CLPP,C35,TPK1,INSC,NCS,USF1,MIR-21,TTL,BRE,FACE,NIN,TENM,RASIP,OX,SEM,SIM,VMAT,PEDF,CADHERIN,SOX3,GAL4,TLF,RELL,PAGE,CGM,NPB,KREMEN2,KCTD,EPH,LRIG3,NLN,PNC,NSL,PSD,CHR,PEN,ARHGAP29,CD79B,PAG,GD,DCN,EBI3,CTLN,IRK,PT1,PS6K,NHE3,FAC,PLP2,L9,NTG,BTL,MYPT,AROMATASE,TMEM64,LCP,RIOK2,RIOK1,TRE,U87,INM,SPON,THETA,IL-8,RNS,C1RL,IDD,EBPL,GY,KAR,TXNIP,LFR,TOF,CAML,CNC,RP105,TOPBP1,CINP,FANCM,FAAP24,BASE,NPHP4,IFNR,NICAL,ALTE,ACD,VHY,KAT6A,HLE,RNASE,FELL,TRAITS,SYND,BMPER,KCTD1,ARF7,GNL,NHC,NIT,PBK,DMR,TRC,PRD,CDH16,TREML,OCRL,GCY,DIM,SAX,AGS3,KH,OBP,DHRS,TER,HT,ROC,COAS,LTF,N-RAS,ECT,CAC,PCN,BAFL,HCC,LSR,SYNGAP,AIH,DUET,HOOK,GPC,LIT,SECRET,DTE,GILT,MG53,SOST,NF-I,CALML6,TOG,STIM,NOL,AU,CYTIP,IL-1A,EFO,CNT,SYM,STL,PIT,TFEB,NUDE,AOX,CASC,BMP9,L6,NAN,ALC,GES,IGLL,MT4,GRF,P7,IL-22BP,STAB,BCMA,MIR-217,FACT,RP58,PVR,PDLIM2,BM,NUDT11,ESP,NRT1,DDT,IGL,LW,OMP,KILLER,CTSS,POU2AF1,A15,CNGA3,FISH,CILD,TLT,MALL,NCX1,MUC20,FLK,OAF,SPRR1,SBF,P75,IL-1RACP,PRA
HGNC hits not found on any human WP pathway (926):
GAQ,ETK,FAK,PI3K,PKB,4E-BP1,L,B,S,SCAR,ACT,RNR1,RNR,PKC,DAAM1,H,P,OF,IKK,IK,C-JUN,TH1,TAK1,P38,ERK,INOS,Y,RAS-GRF2,RAF-1,IN,LPS,TRAF6,NIK,ER,RN,S1,LN,P21,P16,RB,TLN,MUC,P65,P50,PI,SA,HL,NET,LPA,ST2,FAST1,VL,CI,CT,Z,DAO,BK,P53,BAK,GA,OT,TRKA,AIF,FRE,X,PKR1,MKK4,MEKK4,HIP1,GAS1,FU,DYRK1,PR,STAT5,VEGF,VEGFR,MKK6,HSP27,AN,SE,CO,PA,FR,PH,PKD,MEK,AP-1,SNAIL,ALK1,DYS,REG,HHT1,HHT2,HHT,ALK-5,P1,ADA3,SNF2,SW,ALT1,VPS24,DAG,MAR,ARM,ARMADILLO,ET,IGFI,ROS,P44,NSMASE,AP,RS,EI,TR,DD,TRX,TS,ELN,FI,TYRP,TUBA1,TUBB2,APS,PCAF,TCF2,RECA,EDA-A1,NPR,PCD,CD,YT,L4,INT,SI,P6,DF,PN,PL,MB,CD95,FLICE,MACH,CPP32,YAMA,GST2,LU,COI,GPCR,RLK,ON,AP2,HO,S2,ABI2,DLC1,SMAC,TOR,DAP12,AC,CAR,EMT,ALK3,BMPR-II,SMAD1,BMP2B,TYPE,AS,ND,MK,MEKK,ASK,HEP,MKK7,BCL-2,BCL-XL,WAVE,NOT,RIP,EIF4F,FRAT,ALR,EA2,VPF,COB,RAR,PKR,FLASH,MID2,APE,C-RAF,MEK1,LKB1,AMPK,HNF1,FKHRL1,FKHR,BP1,TRA,FASL,PUMA,NOXA,AK,NU,HGL,PFM,FY,HER2,CRN,RP,MAI,MAPK15,P4,CBP,P300,ACS2,RF1,DAF,MI,GR,MD-2,P35,SMN,EPOR,LFA-1,AO,AF,HIP,GAP,ASK1,P73,MR,CASPR,SSI2,NPR1,PSM,ZIP,PKG,A4,FAAH,C3G,PDCR,REC,ZAP70,BCAP,SLP76,CARMA,IF,LD,P120,CAR1,CO2,OCT,MPRI,P2Y,5-HT2A,IP,P2,PTP,NFAT,API,PMCA4,TWIST,P2Y1,COX2,CPT1,PGC1,ERT,UP,IGF-II,ACH,AA,RTS,SLUG,ARP2,HSC,KITL,C-KIT,LAG-2,SIL,LT,FAD,GPX7,L1CAM,KIN,CAS,PLI,PTC,CED-6,PDX-1,SREBP,CAM,MOP,RICK,PYK2,P130CAS,RAP1,JNK1,TAT,ACTR,STM,JH,FAT,MAK3,MPR1,TLR-4,G-CSF,GCSFR,PKCA,GL,RBP-J,DIF,IMD,MEK2,RAD,GCN2,EIF2A,PP1,TWEAK,CIAP,TRAM,MAL,TRIF,RIP1,PKBG,DL,PPAR,IL-27,OK,ANG,MCP-1,PTHR1,RANKL,M-CSF,SGC,ENOS,TNFA,P52,PPASE,RL,SPRY,SEF,CK1,GH,CSL,KREMEN,ERK2,P160ROCK,RO,R1,DI,DP,SF,GLP-1,ALP,OCN,ASM,IFN,IL-18,CALL,PTB,IKBA,MEKK3,IKKA,P100,PSGL-1,CD40L,C-FLIP,PP2,CAM2,ABL,TCRA,ZAP-70,C-MYC,SALL4,GMP,L3,ACO,AIR,DGK,SC,ERF,ERF1,SCF,GATA-1,EBF,UBC13,UEV1A,SLP1,SLP2,ADH2,GREMLIN,LAR,SURVIVIN,ACC,BAR,ATS,MAD,MERLIN,AM,RLC,IKK2,MCL-1,LNX,POF,SK,S1P,EBP,PKCL,RAGE,SLT,IRAS,ERM,BB2,TIN,AC1,SYT,TN,ADAM,TSP-1,SAP,SARA,RIP2,IFF,NEMO,EPAC,PPH,TARA,EEN,A2,C1,CPLA2,CD11B,CD18,PM,GCH,TSG,P3,RAL,PP,S3,MKK3,FAK1,KL,QR,CLI,PS1,CTF,PS,MEF,RING,AOM,MYOD,SIS,BIP,TRIP,CLASP,CHK,ERA,AK1,EXP,CRAF1,TRAIL,P90,NOX2,RIM,CNO,ALD,WNK1,PDGFR,COCA,PTHRP,T-BET,CD1,PAI,XO,FE,BAI,PROX1,PDK2,FP,FPP,IP2,A20,GP130,NUC,AT3,IGFR,DDR1,MIR,DICER,SIP1,NFKBI,EP,SREBP-1C,WR,STE,P63,ENT,ASC,RK,IL-17A,IL-17,P12,EIF2,PERK,CXCL3,MU,KU70,POT1,TRF2,NOGO,PTK,AT1,C-FOS,YB-1,CYC,P42,DEF,TRKB,UPS,A3,RON,IRE1,NT3,CARP,ICAM,LPA1,GAS,AGRIN,JAKL,CB1,DELTA,EP4,PRAS40,PTC3,PLC1,SLP,APAF-1,MCP,HIF-1,MEKK1,MEK3,SRA,SUP,OCT4,GM-CSF,TL1,CER,CT-1,EFE,SMA,CRF1,HC,P110,PDE,END,M8,PIM1,AR1,ARAF1,SYNJ,PIK4CA,PIP5K2C,NNOS,SLI,ACS,SRI,NADE,VEGFR2,NRP,COUP-TFII,A1,WARTS,ES1,TGN,EPI,HJV,NES,MIG,BCRP,OAS,TGFBETA,DPI,LATS,MOB,GPI,PSD-95,NPHP2,S6,ALS,IP3R,PSD95,ECE,CD27,NPM,14-3-3,E4,GLT-1,WASP,AOC,FXR,RPE,PEPCK,MTA1,NEM,BS,FRA2,BF,ARO,TAP,LDB,PLM,UBC9,KLF2,P25,TAU,TIH,GCSF,RANTES,Y4,COX,MED,CEBP,ACVR2,TLL,PAR4,PC2,H2,PCL,PC1,TUBERIN,ANP,WISP2,BETAGLYCAN,TBS,LAB,I-1,SHIP,TAL,MIG-2,ART,DMP1,NEU,IKK1,P19ARF,P21CIP1,CHA,ICE,LAM,ARMS,SHCA,SEX,RKIP,INPP4,TROY,PJS,CIKS,IKK-BETA,MEK6,HFE,NURR1,KIF7,MKP-1,H1,HLP,MEK5,CX43,HN,PTX,U2,STO,CF2,RED1,ADIPONECTIN,CRT,SYS,AAP,NEP,PSA,TIP,TORC1,TORC2,P0,CD19,IKAROS,BAFF,LAP,P18,GCP,ATOH,MER,KIBRA,ORM,LIM,CDC2,P107,DIR,UPA,UPAR,PRR,TALK,CRD,NAC,SKIP,LCX,CGT,PLCE,TTP,UGT,H3,H4,GLUT,FKBP12,CHK2,CHK1,TX,BIT,SSI,IMP,LMP7,MKP,FHC,PGD2,SEMA3F,P120GAP,CRLR,FLN,MST,CTF2,GLUA1,PARS,CORD,BAPX1,GRG,TAZ,SATB2,MSC,TNS,ENX,OST,RAI,SIP,CSA,BLIMP1,CHOP,GRP78,KI,P9,UNC-43,PAR3,CG,PIP1,VEGF-A,ILF,5-HT1A,C-ABL,HUC,BLBP,CRAM,P85,NP,TSK,SFRP2,CAB,FRZB1,LGA,SSA,BII,HET,MLC,B1,FZR,P28,L5,SC4MOL,HRS,PS2,RAB,PLP,PARP,EP2,SERCA2,ERBB1,INK4,SNO,OB,POFUT1,CD45,PKD2,KOR,SNAP,MGF,PGRN,MLCK,C-REL,NER,ALG,GRP94,MLL,TEL2,STEP,STK,HUR,STE20,SMOH,LDP,LGR,HHIP,CIN85,C-CBL,RAM,SWI,SHF,MLL3,MSK1,HTT,ATX,VANGL2,TIE2,CD38,HD,VHL,MSP,ODC,CLTD,PIASY,PD,C-SRC,IRP2,PROS,FDH,COLL,SNAIL1,INF,NF-KB2,RAB5,RIC4,IL-11,SEB,FMLP,GLUN2B,CD24,GEM,PELLE,ABS,VN,CAN,RPC,CHE,TA1,SENP2,CIS,CDC16,CD7,PZ,CRAF,TIF,MEC,SUR,PERIOSTIN,HIF2A,PME,NTAL,HSP47,ALT,ATGL,FS,GLUT12,FIP200,IFL,SON,ARR2,MIR-145,CTK,SRC1,GPR91,IL-22,ACT1,TPS,MRT,ENH,PRKX,APX,ALX,RIT,MRP,EFS,G1P,PNI,ACLS,CRMP2,MSK,P112,ASS,CIR,NF-KAPPAB,PDE2A,FLI,HD3,LHR,LRBP,RISC,RMP,SOC2,HAS2,PDI,PHLPP,EP3,T3D,CPO,IFNB,TSLPR,CARMA1,SIN,MDS,STRAD,IF4E,WS,MYOC,CKI,STA,SPS1,SMK1,CAMI,UBC4,UBC3
